0 0.1359375 0.0921875 0.115625 0.1265625
0 0.14609375 0.09765625 0.078125 0.0765625
0 0.7859375 0.1890625 0.0734375 0.0796875
0 0.74453125 0.2640625 0.078125 0.1140625
0 0.8140625 0.25703125 0.028125 0.1078125
0 0.4625 0.25546875 0.078125 0.084375
0 0.3734375 0.2796875 0.09375 0.1015625
0 0.178125 0.22734375 0.0609375 0.0875
0 0.2421875 0.3265625 0.0953125 0.1609375
0 0.16015625 0.3515625 0.0640625 0.0734375
0 0.096875 0.36875 0.040625 0.0546875
0 0.3609375 0.4078125 0.0765625 0.05
0 0.675 0.39453125 0.0359375 0.0515625
0 0.81171875 0.496875 0.0515625 0.078125
0 0.8484375 0.5140625 0.0515625 0.075
0 0.553125 0.46015625 0.0671875 0.0875
0 0.47890625 0.51171875 0.059375 0.084375
0 0.5234375 0.609375 0.090625 0.1078125
0 0.27578125 0.68203125 0.0546875 0.0703125
0 0.31640625 0.74609375 0.0703125 0.10625
0 0.37265625 0.690625 0.071875 0.0859375
0 0.421875 0.5703125 0.071875 0.1703125
0 0.3546875 0.52734375 0.1140625 0.1546875
0 0.48359375 0.71171875 0.0234375 0.046875