0 0.78515625 0.19453125 0.05625 0.0578125
0 0.74140625 0.24921875 0.0671875 0.05625
0 0.8109375 0.26328125 0.0234375 0.04375
0 0.815625 0.4921875 0.0375 0.0328125
0 0.55390625 0.4578125 0.05 0.05
0 0.459375 0.2578125 0.053125 0.0328125
0 0.371875 0.2890625 0.075 0.046875
0 0.35703125 0.403125 0.0453125 0.034375
0 0.475 0.503125 0.046875 0.0375
0 0.1125 0.0703125 0.05625 0.0828125
0 0.146875 0.090625 0.0453125 0.078125
0 0.1765625 0.2171875 0.040625 0.06875
0 0.23984375 0.33203125 0.0421875 0.065625
0 0.1 0.365625 0.0296875 0.040625
0 0.16796875 0.3609375 0.0390625 0.0640625
0 0.428125 0.5703125 0.0734375 0.13125
0 0.52109375 0.60078125 0.0390625 0.0796875
0 0.37265625 0.69375 0.0609375 0.065625
0 0.31796875 0.73984375 0.05 0.0734375
0 0.3703125 0.51796875 0.053125 0.1109375