0 0.11484375 0.45390625 0.0359375 0.04375
0 0.2125 0.409375 0.01875 0.0328125
0 0.2671875 0.49765625 0.028125 0.05
0 0.365625 0.55703125 0.0421875 0.0515625
0 0.6203125 0.55234375 0.0421875 0.0609375
0 0.4765625 0.64140625 0.0375 0.0296875
0 0.434375 0.653125 0.03125 0.0265625
0 0.2234375 0.625 0.0375 0.0359375
0 0.2671875 0.56875 0.0296875 0.0421875
0 0.2109375 0.57734375 0.028125 0.0421875
0 0.07265625 0.59609375 0.0265625 0.046875
0 0.1046875 0.5875 0.0375 0.05
0 0.10703125 0.54921875 0.040625 0.0375
0 0.09296875 0.4890625 0.0328125 0.0328125
0 0.14296875 0.50234375 0.0421875 0.0484375
0 0.1734375 0.5328125 0.03125 0.040625
0 0.58046875 0.69609375 0.0375 0.0578125
0 0.6703125 0.746875 0.0421875 0.053125
0 0.70625 0.7875 0.021875 0.0359375
0 0.7875 0.79140625 0.0375 0.0484375
0 0.834375 0.83359375 0.034375 0.0546875
0 0.9640625 0.9015625 0.03125 0.0453125
0 0.9421875 0.96484375 0.040625 0.046875
0 0.4640625 0.7109375 0.021875 0.0328125
0 0.48671875 0.684375 0.028125 0.0359375
0 0.52734375 0.71875 0.0359375 0.0546875