0 0.42890625 0.68046875 0.0484375 0.040625
0 0.521875 0.67734375 0.053125 0.0578125
0 0.265625 0.528125 0.034375 0.0546875
0 0.225 0.61875 0.046875 0.0546875
0 0.2484375 0.796875 0.05625 0.046875
0 0.609375 0.91640625 0.0328125 0.0671875
0 0.91171875 0.703125 0.0546875 0.0390625
0 0.4671875 0.21875 0.046875 0.0625
0 0.5078125 0.44765625 0.0515625 0.0546875
0 0.75234375 0.50546875 0.0796875 0.0515625
0 0.16796875 0.69921875 0.059375 0.0453125
0 0.79375 0.36171875 0.0578125 0.059375
0 0.1578125 0.8375 0.0875 0.0375
0 0.96640625 0.7203125 0.0671875 0.0671875
0 0.03828125 0.8 0.053125 0.059375
0 0.06796875 0.65859375 0.0734375 0.0671875
0 0.25546875 0.88046875 0.08125 0.0640625
0 0.78203125 0.88125 0.08125 0.0625
0 0.31796875 0.44296875 0.0890625 0.0609375
0 0.4765625 0.33125 0.0953125 0.0546875
0 0.5140625 0.73203125 0.0546875 0.0328125
0 0.5671875 0.73125 0.0515625 0.053125
0 0.54296875 0.86640625 0.053125 0.0390625
0 0.61640625 0.84140625 0.0578125 0.03125
0 0.57109375 0.8109375 0.05625 0.053125
0 0.4078125 0.81953125 0.0625 0.0703125
0 0.35234375 0.8140625 0.0609375 0.0421875
0 0.33125 0.76875 0.065625 0.0703125
0 0.6375 0.73828125 0.04375 0.0484375
0 0.684375 0.74375 0.040625 0.034375
0 0.32734375 0.66953125 0.046875 0.0328125
0 0.35546875 0.64609375 0.0734375 0.05390625