0 0.78671875 0.23828125 0.0671875 0.034375
0 0.52109375 0.30390625 0.08125 0.0359375
0 0.6375 0.35546875 0.0625 0.025
0 0.859375 0.39296875 0.05 0.028125
0 0.57734375 0.37578125 0.0453125 0.0296875
0 0.6265625 0.3828125 0.05 0.0234375
0 0.79140625 0.40078125 0.04375 0.025
0 0.61953125 0.4453125 0.0359375 0.0296875
0 0.32265625 0.51484375 0.0515625 0.028125
0 0.40546875 0.52265625 0.0390625 0.03125
0 0.0828125 0.60625 0.0484375 0.04375
0 0.03828125 0.765625 0.04375 0.0421875
0 0.2328125 0.6640625 0.0578125 0.028125
0 0.31484375 0.640625 0.0515625 0.025
0 0.43125 0.60234375 0.0578125 0.034375
0 0.3984375 0.771875 0.04375 0.0203125
0 0.4140625 0.78828125 0.0515625 0.0265625
0 0.50390625 0.75390625 0.0546875 0.0359375
0 0.5921875 0.734375 0.0390625 0.0234375
0 0.65 0.746875 0.04375 0.01875
0 0.621875 0.7046875 0.0359375 0.028125
0 0.575 0.57109375 0.0453125 0.0296875
0 0.5984375 0.54453125 0.0359375 0.028125
0 0.6515625 0.53671875 0.0515625 0.0265625
0 0.69921875 0.5046875 0.053125 0.0421875
0 0.75546875 0.51328125 0.059375 0.0265625
0 0.71171875 0.5859375 0.0578125 0.028125
0 0.66484375 0.61015625 0.0640625 0.0234375
0 0.66640625 0.6359375 0.05625 0.0234375
0 0.66953125 0.66953125 0.040625 0.0203125
0 0.6875 0.70546875 0.0375 0.0328125
0 0.73125 0.66484375 0.04375 0.03125
0 0.85546875 0.62578125 0.04375 0.028125
0 0.92890625 0.53359375 0.0484375 0.03125
0 0.8953125 0.49296875 0.0390625 0.015625
0 0.88828125 0.475 0.040625 0.021875
0 0.84140625 0.4875 0.034375 0.0234375
0 0.81171875 0.4609375 0.0453125 0.025
0 0.7765625 0.42734375 0.0359375 0.03125