0 0.6515625 0.4046875 0.046875 0.0328125
0 0.0421875 0.60625 0.0203125 0.0203125
0 0.63828125 0.71953125 0.0359375 0.0203125
0 0.715625 0.80625 0.028125 0.0203125
0 0.90546875 0.79375 0.015625 0.0140625
0 0.2734375 0.56640625 0.05 0.04140625
0 0.9203125 0.43671875 0.03125 0.0375
0 0.14140625 0.6375 0.0328125 0.03984375
0 0.0625 0.68125 0.03125 0.0296875
0 0.8703125 0.79296875 0.0296875 0.02265625
0 0.821875 0.83046875 0.021875 0.03125
0 0.4734375 0.82578125 0.028125 0.01875
0 0.33125 0.81953125 0.025 0.025
0 0.41328125 0.87265625 0.021875 0.021875
0 0.49921875 0.93125 0.02578125 0.0265625
0 0.1390625 0.78828125 0.03125 0.02890625
0 0.17109375 0.8640625 0.021875 0.0328125
0 0.2125 0.896875 0.03046875 0.0203125
0 0.21875 0.87578125 0.01875 0.025