0 0.51875 0.3234375 0.03125 0.0390625
0 0.45546875 0.3375 0.0203125 0.0296875
0 0.253125 0.35546875 0.03125 0.0390625
0 0.365625 0.38828125 0.0375 0.0375
0 0.39921875 0.37890625 0.0265625 0.0453125
0 0.4328125 0.3859375 0.0375 0.0359375
0 0.434375 0.4265625 0.03125 0.0265625
0 0.4921875 0.41640625 0.0328125 0.0359375
0 0.46953125 0.45234375 0.034375 0.034375
0 0.4859375 0.48984375 0.0390625 0.0375
0 0.6078125 0.57734375 0.03125 0.0359375
0 0.49765625 0.584375 0.034375 0.028125
0 0.48046875 0.52890625 0.028125 0.0328125
0 0.45390625 0.5359375 0.0296875 0.0296875
0 0.4421875 0.67578125 0.046875 0.046875
0 0.3515625 0.5515625 0.0421875 0.05625
0 0.30546875 0.51328125 0.0515625 0.0421875
0 0.38203125 0.43984375 0.0296875 0.03125
0 0.39296875 0.48984375 0.0234375 0.0375
0 0.36796875 0.4984375 0.0328125 0.028125
0 0.37109375 0.47734375 0.0203125 0.0265625
0 0.428125 0.475 0.0203125 0.0328125
0 0.41328125 0.4640625 0.01875 0.0375