0 0.31171875 0.22109375 0.028125 0.0453125
0 0.3375 0.07578125 0.028125 0.0453125
0 0.1375 0.06484375 0.0265625 0.028125
0 0.01796875 0.55859375 0.0328125 0.040625
0 0.56171875 0.41171875 0.025 0.04375
0 0.8703125 0.353125 0.0328125 0.0515625
0 0.67890625 0.64609375 0.0140625 0.03125
0 0.68125 0.5171875 0.0203125 0.028125
0 0.71015625 0.48125 0.0234375 0.0234375
0 0.46484375 0.79296875 0.0265625 0.028125
0 0.86953125 0.65625 0.0203125 0.0234375
0 0.67265625 0.61640625 0.0125 0.0125
0 0.6828125 0.609375 0.015625 0.0171875
0 0.38125 0.71328125 0.025 0.025
0 0.4671875 0.37890625 0.03125 0.02265625
0 0.396875 0.5640625 0.0328125 0.0265625
0 0.45703125 0.628125 0.03125 0.0328125
0 0.425 0.65859375 0.0296875 0.028125
0 0.50390625 0.6953125 0.0234375 0.0234375
0 0.62578125 0.6109375 0.02890625 0.0265625
0 0.625 0.56953125 0.0359375 0.03203125
0 0.73203125 0.75546875 0.0265625 0.02578125
0 0.35078125 0.7453125 0.0296875 0.0296875
0 0.228125 0.68125 0.034375 0.0421875
0 0.3 0.68359375 0.0265625 0.02578125
0 0.3984375 0.59296875 0.02734375 0.021875
0 0.50703125 0.6046875 0.02578125 0.0296875
0 0.5515625 0.6640625 0.0171875 0.0234375
0 0.221875 0.73515625 0.0265625 0.03203125
0 0.1296875 0.79375 0.0296875 0.02421875
0 0.3359375 0.86484375 0.0234375 0.021875
0 0.3796875 0.73671875 0.0140625 0.0125
0 0.3875 0.75703125 0.0140625 0.025