0 0.06953125 0.31953125 0.025 0.0296875
0 0.48046875 0.28671875 0.0203125 0.0359375
0 0.50546875 0.27578125 0.0234375 0.0359375
0 0.73359375 0.3890625 0.028125 0.0515625
0 0.62734375 0.484375 0.028125 0.0328125
0 0.59140625 0.49609375 0.025 0.0390625
0 0.53203125 0.45625 0.0203125 0.0359375
0 0.534375 0.49296875 0.028125 0.03125
0 0.48359375 0.465625 0.021875 0.0265625
0 0.50234375 0.39609375 0.0265625 0.04375
0 0.46015625 0.4109375 0.0203125 0.0296875
0 0.44375 0.4328125 0.015625 0.0375
0 0.4203125 0.31953125 0.0265625 0.0390625
0 0.365625 0.3515625 0.021875 0.0234375