0 0.0578125 0.34921875 0.0859375 0.0828125
0 0.0875 0.46796875 0.0859375 0.090625
0 0.22265625 0.4234375 0.071875 0.075
0 0.33671875 0.42890625 0.075 0.06875
0 0.31640625 0.49375 0.0640625 0.0796875
0 0.3890625 0.48828125 0.06875 0.0484375
0 0.484375 0.496875 0.0890625 0.0609375
0 0.46640625 0.55234375 0.06875 0.0578125
0 0.40390625 0.57421875 0.0671875 0.0765625
0 0.6390625 0.5734375 0.071875 0.0546875
0 0.7359375 0.6625 0.08125 0.065625
0 0.8296875 0.71484375 0.075 0.0546875
0 0.95 0.703125 0.075 0.0609375
0 0.95625 0.8359375 0.059375 0.05
0 0.896875 0.8546875 0.053125 0.0453125
0 0.52109375 0.7515625 0.0609375 0.0515625
0 0.58046875 0.6140625 0.0640625 0.0390625
0 0.60078125 0.65078125 0.0703125 0.0359375
0 0.5703125 0.67890625 0.0546875 0.03125