0 0.21796875 0.3828125 0.0265625 0.040625
0 0.33671875 0.465625 0.028125 0.028125
0 0.27421875 0.4875 0.0265625 0.0359375
0 0.87890625 0.7296875 0.0171875 0.0203125
0 0.8859375 0.70703125 0.0171875 0.028125
0 0.940625 0.6 0.0234375 0.0421875
0 0.67265625 0.7109375 0.0171875 0.0234375
0 0.57734375 0.76796875 0.015625 0.015625
0 0.44296875 0.91640625 0.025 0.03125
0 0.66796875 0.60390625 0.021875 0.034375
0 0.359375 0.80859375 0.02734375 0.034375
0 0.36484375 0.86171875 0.02265625 0.03125
0 0.3859375 0.86953125 0.0328125 0.03125
0 0.5921875 0.7484375 0.02421875 0.02734375
0 0.06640625 0.8890625 0.03515625 0.0359375
0 0.5015625 0.9328125 0.0234375 0.02421875
0 0.3515625 0.89609375 0.0203125 0.02890625
0 0.5828125 0.9171875 0.0171875 0.0296875
0 0.6 0.9390625 0.03125 0.02578125
0 0.4140625 0.9859375 0.0203125 0.0265625
0 0.45234375 0.97421875 0.021875 0.02890625
0 0.48046875 0.97578125 0.01953125 0.02890625
0 0.634375 0.971875 0.0234375 0.02109375