0 0.384375 0.1015625 0.078125 0.1390625
0 0.584375 0.16484375 0.0640625 0.1390625
0 0.9421875 0.4375 0.0703125 0.1515625
0 0.70390625 0.61640625 0.0703125 0.1203125
0 0.490625 0.61484375 0.0515625 0.1203125
0 0.5515625 0.74453125 0.0734375 0.1375
0 0.665625 0.8828125 0.0828125 0.125
0 0.78125 0.8625 0.065625 0.109375
0 0.0828125 0.83515625 0.078125 0.1359375
0 0.36015625 0.84609375 0.0734375 0.0890625
0 0.33984375 0.68359375 0.0609375 0.140625
0 0.2140625 0.66640625 0.0828125 0.078125
0 0.25234375 0.75859375 0.08125 0.1234375
0 0.21796875 0.45 0.046875 0.128125
0 0.64375 0.390625 0.0515625 0.1234375
0 0.67578125 0.290625 0.053125 0.1078125
0 0.7390625 0.2984375 0.0625 0.1015625
0 0.76875 0.4359375 0.0515625 0.1265625
0 0.4140625 0.734375 0.0703125 0.14375