0 0.4625 0.0765625 0.121875 0.0828125
0 0.57265625 0.1078125 0.10625 0.071875
0 0.9390625 0.26015625 0.0875 0.0671875
0 0.66953125 0.2015625 0.10625 0.0484375
0 0.7859375 0.27265625 0.0859375 0.0671875
0 0.784375 0.34765625 0.1015625 0.05
0 0.709375 0.30234375 0.0734375 0.05
0 0.61640625 0.4359375 0.0859375 0.0875
0 0.44453125 0.21171875 0.1109375 0.0890625
0 0.1875 0.28515625 0.103125 0.05625
0 0.04296875 0.28359375 0.0859375 0.06875
0 0.12578125 0.3828125 0.109375 0.078125
0 0.29140625 0.33828125 0.0796875 0.059375
0 0.2359375 0.46171875 0.09375 0.05625
0 0.41484375 0.49921875 0.0859375 0.05
0 0.453125 0.44609375 0.0875 0.078125
0 0.4640625 0.284375 0.0984375 0.0625
0 0.31328125 0.38671875 0.109375 0.046875
0 0.49609375 0.3421875 0.090625 0.0390625
0 0.6125 0.32421875 0.0828125 0.0515625
0 0.55234375 0.31796875 0.0484375 0.0515625
0 0.78671875 0.1328125 0.0765625 0.065625
0 0.86015625 0.15390625 0.0796875 0.059375