0 0.0921875 0.1 0.0703125 0.028125
0 0.1671875 0.2375 0.0703125 0.028125
0 0.19609375 0.2796875 0.0796875 0.0234375
0 0.21015625 0.3296875 0.0796875 0.0375
0 0.3 0.35546875 0.0859375 0.0265625
0 0.36953125 0.4140625 0.0578125 0.0453125
0 0.440625 0.425 0.078125 0.03125
0 0.384375 0.47578125 0.0703125 0.03125
0 0.403125 0.5078125 0.078125 0.0265625
0 0.49296875 0.53359375 0.06875 0.0203125
0 0.54453125 0.56015625 0.0859375 0.0171875
0 0.58984375 0.6 0.075 0.015625
0 0.61953125 0.6328125 0.1046875 0.021875
0 0.6375 0.6953125 0.065625 0.0296875
0 0.68203125 0.7390625 0.0546875 0.0171875
0 0.70546875 0.7640625 0.0546875 0.01875
0 0.76796875 0.7828125 0.05625 0.0125
0 0.865625 0.82578125 0.053125 0.0140625
0 0.7265625 0.83046875 0.0515625 0.0171875
0 0.8078125 0.8484375 0.05625 0.0140625
0 0.7609375 0.8671875 0.05 0.015625