0 0.653125 0.2921875 0.0546875 0.0734375
0 0.54921875 0.27890625 0.0421875 0.071875
0 0.165625 0.1421875 0.0546875 0.0671875
0 0.3171875 0.32890625 0.053125 0.0765625
0 0.3625 0.290625 0.046875 0.0671875
0 0.425 0.3 0.04375 0.06875
0 0.46484375 0.29296875 0.0359375 0.071875
0 0.496875 0.34453125 0.0390625 0.0390625
0 0.5078125 0.31171875 0.0375 0.0359375
0 0.6515625 0.44375 0.059375 0.0640625
0 0.6015625 0.48203125 0.05 0.0625
0 0.74453125 0.53984375 0.0640625 0.0625
0 0.890625 0.6078125 0.06875 0.0703125
0 0.815625 0.7875 0.0671875 0.0828125
0 0.696875 0.671875 0.071875 0.071875
0 0.57265625 0.59296875 0.065625 0.0546875
0 0.5078125 0.45859375 0.0671875 0.075
0 0.4484375 0.5078125 0.046875 0.0703125
0 0.3734375 0.53203125 0.046875 0.0625
0 0.09296875 0.52109375 0.0671875 0.078125
0 0.0359375 0.55 0.05 0.0703125
0 0.0203125 0.70859375 0.040625 0.0671875
0 0.14296875 0.68203125 0.059375 0.0640625
0 0.1484375 0.73046875 0.05 0.03125
0 0.14921875 0.8453125 0.078125 0.075
0 0.12734375 0.77578125 0.059375 0.0625
0 0.2421875 0.7703125 0.0328125 0.04375
0 0.26796875 0.74296875 0.028125 0.034375
0 0.28828125 0.8328125 0.0625 0.0640625
0 0.2203125 0.96015625 0.0484375 0.075
0 0.33671875 0.9625 0.065625 0.0671875
0 0.42578125 0.80390625 0.05 0.0609375
0 0.38359375 0.8546875 0.05 0.08125
0 0.45859375 0.92734375 0.0640625 0.08125
0 0.5296875 0.96875 0.0546875 0.0625
0 0.6 0.9578125 0.05 0.0671875
0 0.6109375 0.77109375 0.046875 0.0671875
0 0.55 0.71171875 0.0640625 0.0828125
0 0.48984375 0.65390625 0.0484375 0.04375
0 0.49453125 0.70546875 0.04375 0.0609375
0 0.67421875 0.74921875 0.0375 0.0625
0 0.21484375 0.36640625 0.040625 0.0609375
0 0.1375 0.42578125 0.0609375 0.059375
0 0.30078125 0.55078125 0.059375 0.075
0 0.24921875 0.5140625 0.0546875 0.0671875
0 0.23671875 0.45 0.053125 0.0625
0 0.1828125 0.403125 0.0515625 0.0625