0 0.69453125 0.42421875 0.053125 0.078125
0 0.54453125 0.42421875 0.053125 0.08125
0 0.65 0.54296875 0.0578125 0.0859375
0 0.58828125 0.5875 0.0484375 0.0640625
0 0.48203125 0.515625 0.05 0.0734375
0 0.53515625 0.5875 0.040625 0.05625
0 0.48984375 0.58203125 0.0328125 0.05625
0 0.453125 0.58359375 0.04375 0.05625
0 0.40859375 0.47421875 0.040625 0.0765625
0 0.35859375 0.54921875 0.04375 0.0671875
0 0.275 0.51796875 0.0265625 0.053125
0 0.24140625 0.515625 0.03125 0.0453125
0 0.24453125 0.56171875 0.0296875 0.0359375