0 0.421875 0.2625 0.0265625 0.0390625
0 0.5203125 0.2890625 0.034375 0.0421875
0 0.49375 0.34375 0.0265625 0.0421875
0 0.79296875 0.54375 0.028125 0.028125
0 0.81328125 0.6171875 0.0296875 0.040625
0 0.65703125 0.62734375 0.028125 0.034375
0 0.5296875 0.83203125 0.03125 0.040625
0 0.34375 0.815625 0.01875 0.0328125
0 0.01875 0.48984375 0.025 0.0265625
0 0.3625 0.9125 0.01875 0.0328125
0 0.415625 0.703125 0.0375 0.0265625
0 0.421875 0.77421875 0.034375 0.028125
0 0.421875 0.87890625 0.02734375 0.03828125
0 0.6640625 0.69140625 0.0234375 0.015625
0 0.425 0.9203125 0.0265625 0.02734375
0 0.0109375 0.52265625 0.021875 0.0375
0 0.56484375 0.89765625 0.03046875 0.025
0 0.553125 0.86171875 0.02265625 0.01875
0 0.25859375 0.88046875 0.025 0.034375