0 0.5078125 0.47421875 0.0671875 0.0609375
0 0.47734375 0.53203125 0.05625 0.0359375
0 0.40859375 0.56171875 0.053125 0.03125
0 0.409375 0.59921875 0.0609375 0.034375
0 0.3546875 0.60625 0.053125 0.0359375
0 0.290625 0.6453125 0.05625 0.0359375
0 0.22890625 0.65546875 0.0453125 0.034375
0 0.2515625 0.68828125 0.0453125 0.0421875
0 0.0734375 0.75859375 0.05625 0.0359375
0 0.046875 0.81015625 0.046875 0.046875
0 0.05703125 0.86328125 0.05625 0.0390625
0 0.09609375 0.79609375 0.0421875 0.0296875
0 0.13984375 0.8234375 0.04375 0.034375
0 0.184375 0.7921875 0.0453125 0.0390625
0 0.15390625 0.746875 0.05625 0.04375
0 0.21484375 0.7203125 0.053125 0.0453125
0 0.24609375 0.75390625 0.0578125 0.028125
0 0.31796875 0.7390625 0.0515625 0.03125
0 0.37890625 0.70546875 0.0578125 0.0515625
0 0.434375 0.65625 0.06875 0.0421875
0 0.33203125 0.6671875 0.0515625 0.0296875
0 0.56953125 0.40390625 0.05 0.0515625
0 0.61171875 0.3375 0.071875 0.05625
0 0.5796875 0.4625 0.071875 0.053125
0 0.6703125 0.38984375 0.0578125 0.0453125
0 0.65 0.45078125 0.0515625 0.053125
0 0.6921875 0.46015625 0.0296875 0.0484375
0 0.75078125 0.42890625 0.08125 0.046875
0 0.72734375 0.36484375 0.0484375 0.046875
0 0.7734375 0.3609375 0.040625 0.053125
0 0.85625 0.42578125 0.0671875 0.0671875
0 0.78828125 0.48125 0.0578125 0.0421875
0 0.76171875 0.525 0.0625 0.0359375
0 0.84140625 0.571875 0.0640625 0.046875
0 0.78203125 0.57421875 0.0515625 0.0390625
0 0.775 0.6234375 0.0671875 0.034375
0 0.81484375 0.68359375 0.0625 0.028125
0 0.85546875 0.790625 0.0625 0.040625
0 0.765625 0.76484375 0.0375 0.028125
0 0.71796875 0.72578125 0.0546875 0.0359375
0 0.71953125 0.80703125 0.0578125 0.04375
0 0.77890625 0.81953125 0.05 0.0375
0 0.72734375 0.853125 0.04375 0.053125
0 0.76328125 0.91640625 0.059375 0.025
0 0.7890625 0.95078125 0.053125 0.0421875
0 0.70546875 0.3046875 0.075 0.0609375
0 0.74296875 0.2265625 0.0640625 0.04375
0 0.77890625 0.259375 0.053125 0.0390625
0 0.875 0.16875 0.1 0.0640625