0 0.25625 0.32421875 0.03125 0.0453125
0 0.06015625 0.559375 0.028125 0.04375
0 0.4875 0.39453125 0.028125 0.0359375
0 0.496875 0.3484375 0.0265625 0.0390625
0 0.5078125 0.63828125 0.0359375 0.046875
0 0.4390625 0.65859375 0.0359375 0.034375
0 0.83828125 0.5859375 0.0296875 0.04375
0 0.7921875 0.50234375 0.028125 0.0421875
0 0.80859375 0.81484375 0.0234375 0.03125
0 0.184375 0.73359375 0.040625 0.0375
0 0.490625 0.83671875 0.0328125 0.03203125
0 0.640625 0.94921875 0.0359375 0.03125
0 0.76875 0.9734375 0.053125 0.0328125
0 0.3625 0.93828125 0.040625 0.03203125