0 0.03046875 0.1515625 0.025 0.028125
0 0.34765625 0.03515625 0.0328125 0.0515625
0 0.23203125 0.16875 0.021875 0.040625
0 0.12265625 0.22578125 0.0203125 0.0234375
0 0.0171875 0.33515625 0.0171875 0.034375
0 0.04765625 0.3359375 0.0234375 0.03125
0 0.084375 0.34921875 0.025 0.0328125
0 0.159375 0.28125 0.021875 0.0296875
0 0.10078125 0.2859375 0.021875 0.021875
0 0.115625 0.3015625 0.0171875 0.028125
0 0.15625 0.32734375 0.01875 0.0296875
0 0.17421875 0.33203125 0.0171875 0.025
0 0.18984375 0.403125 0.0203125 0.03125
0 0.209375 0.40078125 0.021875 0.0328125
0 0.190625 0.36953125 0.0265625 0.03125
0 0.2109375 0.31328125 0.01875 0.03125
0 0.23984375 0.31015625 0.0171875 0.0265625
0 0.18203125 0.29609375 0.021875 0.0265625
0 0.1953125 0.484375 0.0203125 0.021875
0 0.07421875 0.5515625 0.0265625 0.0421875
0 0.15390625 0.57421875 0.025 0.0359375
0 0.1796875 0.51171875 0.03125 0.0203125
0 0.2078125 0.56953125 0.0265625 0.0421875
0 0.234375 0.5953125 0.01875 0.03125
0 0.2421875 0.57109375 0.021875 0.028125
0 0.2671875 0.5125 0.0234375 0.0359375
0 0.3109375 0.52421875 0.0265625 0.0390625
0 0.24921875 0.43984375 0.0203125 0.0265625
0 0.2640625 0.46171875 0.015625 0.03125
0 0.284375 0.428125 0.021875 0.028125
0 0.2625 0.3875 0.01875 0.0234375
0 0.2875 0.38125 0.0171875 0.028125
0 0.31953125 0.43984375 0.0234375 0.0296875
0 0.3140625 0.39140625 0.021875 0.0296875
0 0.31484375 0.340625 0.0203125 0.028125
0 0.32109375 0.29609375 0.015625 0.0265625
0 0.32265625 0.221875 0.0140625 0.0265625
0 0.3125 0.18515625 0.0234375 0.0296875
0 0.3484375 0.1703125 0.015625 0.03125
0 0.33515625 0.246875 0.0203125 0.025
0 0.4640625 0.16953125 0.01875 0.0375
0 0.496875 0.19609375 0.0203125 0.0359375
0 0.51640625 0.24453125 0.0234375 0.0328125
0 0.66171875 0.2984375 0.025 0.046875
0 0.36640625 0.2625 0.01875 0.0265625
0 0.38203125 0.2953125 0.0171875 0.0234375
0 0.371875 0.278125 0.0140625 0.021875
0 0.3453125 0.3109375 0.015625 0.025
0 0.2734375 0.234375 0.0171875 0.0234375
0 0.26875 0.2546875 0.0171875 0.025
0 0.271875 0.3234375 0.021875 0.028125
0 0.2890625 0.31953125 0.0203125 0.03125
0 0.29453125 0.2765625 0.021875 0.028125
0 0.2875 0.29921875 0.01875 0.0171875
0 0.3765625 0.440625 0.01875 0.0296875
0 0.38359375 0.3953125 0.015625 0.0265625
0 0.409375 0.3921875 0.0171875 0.028125
0 0.42734375 0.39296875 0.01875 0.0296875
0 0.42421875 0.3328125 0.0203125 0.0359375
0 0.4484375 0.34140625 0.01875 0.03125
0 0.48359375 0.3296875 0.0203125 0.03125
0 0.5140625 0.3359375 0.021875 0.0328125
0 0.46640625 0.378125 0.021875 0.0296875
0 0.49375 0.36328125 0.0171875 0.0296875
0 0.51171875 0.3703125 0.0171875 0.03125
0 0.5421875 0.2890625 0.01875 0.0328125
0 0.55234375 0.3234375 0.01875 0.03125
0 0.55078125 0.359375 0.0171875 0.0265625
0 0.5765625 0.3328125 0.01875 0.03125
0 0.42421875 0.44765625 0.0203125 0.0265625
0 0.42109375 0.4984375 0.0171875 0.01875
0 0.37265625 0.49921875 0.0234375 0.025
0 0.39296875 0.546875 0.015625 0.0234375
0 0.38125 0.52421875 0.021875 0.021875
0 0.34921875 0.5546875 0.0234375 0.021875
0 0.3578125 0.5765625 0.0234375 0.025
0 0.346875 0.59921875 0.021875 0.0328125
0 0.3703125 0.60859375 0.0203125 0.025
0 0.34609375 0.6640625 0.015625 0.0234375
0 0.32421875 0.6734375 0.015625 0.0234375
0 0.303125 0.6984375 0.021875 0.03125
0 0.328125 0.71171875 0.0203125 0.0265625
0 0.3328125 0.73671875 0.0140625 0.028125
0 0.35 0.74375 0.01875 0.028125
0 0.39375 0.71875 0.0203125 0.028125
0 0.3703125 0.6859375 0.021875 0.0296875
0 0.3796875 0.64609375 0.0203125 0.025
0 0.3875 0.67421875 0.01875 0.0328125
0 0.40703125 0.6671875 0.015625 0.0328125
0 0.41484375 0.59921875 0.0265625 0.03125
0 0.425 0.56796875 0.01875 0.025
0 0.41171875 0.5328125 0.01875 0.0296875
0 0.44609375 0.528125 0.01875 0.0234375
0 0.43125 0.53828125 0.015625 0.0234375
0 0.44765625 0.55546875 0.015625 0.0234375
0 0.46796875 0.41171875 0.015625 0.025
0 0.46015625 0.4375 0.025 0.028125
0 0.484375 0.4703125 0.0171875 0.0234375
0 0.49765625 0.453125 0.0171875 0.0359375
0 0.49375 0.51171875 0.0171875 0.0328125
0 0.459375 0.5015625 0.0140625 0.0265625
0 0.471875 0.57890625 0.0171875 0.025
0 0.43046875 0.634375 0.01875 0.0296875
0 0.4203125 0.7453125 0.01875 0.03125
0 0.18359375 0.921875 0.0234375 0.028125
0 0.50625 0.9171875 0.025 0.0359375
0 0.521875 0.82109375 0.0203125 0.0265625
0 0.52421875 0.78671875 0.015625 0.0265625
0 0.5203125 0.67578125 0.0234375 0.0265625
0 0.57265625 0.65 0.01875 0.0328125
0 0.53671875 0.6203125 0.0203125 0.034375
0 0.4953125 0.5890625 0.015625 0.0234375
0 0.4859375 0.603125 0.01875 0.01875
0 0.49765625 0.63203125 0.015625 0.028125
0 0.48203125 0.6265625 0.0171875 0.025
0 0.55703125 0.571875 0.01875 0.034375
0 0.5875 0.6078125 0.01875 0.03125
0 0.46953125 0.48359375 0.0140625 0.025
0 0.51796875 0.45859375 0.0203125 0.028125
0 0.54609375 0.42578125 0.0171875 0.025
0 0.575 0.41875 0.01875 0.03125
0 0.57578125 0.3890625 0.0171875 0.025
0 0.5265625 0.4296875 0.0203125 0.0265625
0 0.51171875 0.41484375 0.015625 0.021875
0 0.3625 0.3328125 0.0203125 0.03125
0 0.375 0.3140625 0.0203125 0.025
0 0.58671875 0.46640625 0.015625 0.0296875
0 0.55625 0.47109375 0.0203125 0.03125
0 0.57421875 0.521875 0.025 0.028125
0 0.5171875 0.503125 0.0203125 0.0234375
0 0.51484375 0.53203125 0.0203125 0.03125
0 0.58515625 0.559375 0.0203125 0.025
0 0.61328125 0.45625 0.021875 0.0296875
0 0.6328125 0.44921875 0.0171875 0.0328125
0 0.6 0.33125 0.0171875 0.0265625
0 0.59609375 0.35703125 0.01875 0.0265625
0 0.62109375 0.34296875 0.0171875 0.028125
0 0.62265625 0.36875 0.0171875 0.028125
0 0.63984375 0.37265625 0.01875 0.0359375
0 0.675 0.3609375 0.0203125 0.025
0 0.678125 0.39453125 0.0171875 0.0234375
0 0.690625 0.42265625 0.0171875 0.025
0 0.72890625 0.3921875 0.025 0.034375
0 0.66328125 0.421875 0.01875 0.0171875
0 0.66953125 0.440625 0.0171875 0.021875
0 0.71328125 0.4578125 0.0171875 0.021875
0 0.6296875 0.49296875 0.0203125 0.028125
0 0.6234375 0.64609375 0.0125 0.025
0 0.63828125 0.653125 0.01875 0.03125
0 0.640625 0.6921875 0.0171875 0.028125
0 0.59140625 0.71796875 0.0140625 0.03125
0 0.5375 0.734375 0.0234375 0.021875
0 0.5484375 0.759375 0.015625 0.0296875
0 0.5671875 0.7484375 0.015625 0.0359375
0 0.61875 0.7578125 0.0171875 0.0296875
0 0.62265625 0.7328125 0.0171875 0.0265625
0 0.61015625 0.79453125 0.0203125 0.028125
0 0.596875 0.815625 0.015625 0.028125
0 0.621875 0.834375 0.0203125 0.0234375
0 0.6453125 0.8265625 0.015625 0.028125
0 0.6328125 0.8609375 0.0140625 0.025
0 0.646875 0.88828125 0.01875 0.0296875
0 0.67421875 0.85546875 0.0171875 0.0265625
0 0.6953125 0.878125 0.0171875 0.0234375
0 0.6515625 0.7859375 0.01875 0.0265625
0 0.653125 0.7578125 0.01875 0.034375
0 0.6578125 0.72109375 0.0171875 0.021875
0 0.6671875 0.68671875 0.0203125 0.0359375
0 0.6640625 0.6296875 0.0140625 0.0234375
0 0.678125 0.61015625 0.0171875 0.021875
0 0.678125 0.58046875 0.0203125 0.0265625
0 0.70859375 0.5734375 0.01875 0.028125
0 0.7234375 0.5671875 0.0171875 0.03125
0 0.6890625 0.53359375 0.0234375 0.0265625
0 0.70234375 0.49921875 0.015625 0.0265625
0 0.6875 0.50078125 0.0171875 0.0328125
0 0.71953125 0.52109375 0.01875 0.03125
0 0.76015625 0.4984375 0.0203125 0.028125
0 0.76328125 0.54375 0.015625 0.0265625
0 0.73984375 0.54453125 0.0125 0.028125
0 0.75078125 0.53125 0.0125 0.01875
0 0.78359375 0.5234375 0.0171875 0.03125
0 0.70234375 0.63828125 0.015625 0.025
0 0.73515625 0.67109375 0.0171875 0.0203125
0 0.6984375 0.684375 0.01875 0.0203125
0 0.6875 0.7203125 0.0171875 0.0203125
0 0.72265625 0.715625 0.0140625 0.025
0 0.70078125 0.71015625 0.0125 0.03125
0 0.75703125 0.7640625 0.021875 0.0265625
0 0.771875 0.64765625 0.01875 0.0234375
0 0.7734375 0.675 0.0203125 0.0265625
0 0.82421875 0.6109375 0.0203125 0.0390625
0 0.78984375 0.5921875 0.0125 0.021875
0 0.79453125 0.6078125 0.0171875 0.01875
0 0.8 0.56640625 0.0171875 0.0265625
0 0.80625 0.5375 0.015625 0.021875
0 0.81328125 0.4671875 0.021875 0.0296875
0 0.771875 0.43828125 0.015625 0.028125
0 0.78984375 0.43671875 0.0140625 0.028125
0 0.80390625 0.36015625 0.015625 0.0296875
0 0.86328125 0.4484375 0.0171875 0.0265625
0 0.8734375 0.48203125 0.0203125 0.0296875
0 0.9578125 0.51640625 0.0171875 0.0203125
0 0.95703125 0.5453125 0.01875 0.034375
0 0.91015625 0.54765625 0.0234375 0.03125
0 0.821875 0.5640625 0.0171875 0.034375
0 0.84765625 0.5625 0.0140625 0.0328125
0 0.8359375 0.56484375 0.0125 0.028125
0 0.909375 0.50625 0.015625 0.028125
0 0.89609375 0.50546875 0.0140625 0.0375
0 0.9234375 0.60859375 0.01875 0.025
0 0.884375 0.59921875 0.01875 0.028125
0 0.9140625 0.64375 0.0171875 0.0265625
0 0.97109375 0.66484375 0.0171875 0.03125
0 0.88359375 0.6484375 0.021875 0.015625
0 0.8796875 0.66953125 0.0234375 0.028125
0 0.93046875 0.684375 0.0171875 0.028125
0 0.93125 0.74453125 0.0171875 0.0265625
0 0.89296875 0.70078125 0.015625 0.0203125
0 0.9046875 0.7171875 0.0171875 0.0234375
0 0.9078125 0.7453125 0.0140625 0.028125
0 0.875 0.721875 0.01875 0.021875
0 0.853125 0.7359375 0.0171875 0.0328125
0 0.8796875 0.74921875 0.01875 0.028125
0 0.865625 0.771875 0.0171875 0.0265625
0 0.87578125 0.80703125 0.01875 0.0296875
0 0.8171875 0.771875 0.0203125 0.025
0 0.7828125 0.78046875 0.0140625 0.028125
0 0.81875 0.80703125 0.01875 0.0296875
0 0.7109375 0.7921875 0.0140625 0.0265625
0 0.725 0.7890625 0.01875 0.0203125
0 0.8359375 0.85390625 0.0234375 0.0265625
0 0.80703125 0.83828125 0.015625 0.025
0 0.78515625 0.8265625 0.01875 0.0234375
0 0.7828125 0.85546875 0.0203125 0.021875
0 0.75390625 0.83125 0.0140625 0.021875
0 0.73828125 0.8421875 0.0125 0.0234375
0 0.76875 0.9 0.015625 0.0328125
0 0.73828125 0.91796875 0.01875 0.0265625
0 0.72578125 0.81875 0.0140625 0.021875
0 0.7375 0.81953125 0.0109375 0.025
0 0.8125 0.67890625 0.0140625 0.034375
0 0.74609375 0.4390625 0.03125 0.0375