0 0.43046875 0.090625 0.0671875 0.0921875
0 0.33515625 0.23515625 0.08125 0.0875
0 0.146875 0.32734375 0.0640625 0.053125
0 0.2015625 0.41171875 0.075 0.0703125
0 0.46328125 0.3234375 0.0859375 0.05625
0 0.82734375 0.25234375 0.0640625 0.059375
0 0.97109375 0.315625 0.046875 0.096875
0 0.909375 0.315625 0.06875 0.0765625
0 0.840625 0.32890625 0.0640625 0.05625
0 0.7734375 0.36015625 0.078125 0.0828125
0 0.7765625 0.43671875 0.071875 0.0609375
0 0.77421875 0.53359375 0.0765625 0.0765625
0 0.65078125 0.38203125 0.059375 0.0640625
0 0.68984375 0.40625 0.0578125 0.0703125
0 0.56484375 0.403125 0.0625 0.071875
0 0.66953125 0.45625 0.05625 0.0921875
0 0.57734375 0.4625 0.071875 0.04375
0 0.5390625 0.48828125 0.0703125 0.0359375
0 0.51171875 0.56640625 0.0734375 0.0859375
0 0.34453125 0.48203125 0.096875 0.071875
0 0.371875 0.58203125 0.065625 0.078125
0 0.2625 0.609375 0.08125 0.0515625
0 0.221875 0.5375 0.0609375 0.075
0 0.18046875 0.52890625 0.0640625 0.0765625
0 0.1109375 0.53046875 0.06875 0.0796875
0 0.12109375 0.71796875 0.0671875 0.05
0 0.078125 0.78359375 0.0578125 0.0796875
0 0.01953125 0.68359375 0.0390625 0.0546875