0 0.63046875 0.35 0.0296875 0.0515625
0 0.36484375 0.08671875 0.0421875 0.05
0 0.74140625 0.25234375 0.0296875 0.0453125
0 0.159375 0.5484375 0.0296875 0.034375
0 0.8953125 0.46171875 0.0296875 0.040625
0 0.55703125 0.678125 0.025 0.04375
0 0.8828125 0.7390625 0.0234375 0.0453125
0 0.90078125 0.578125 0.0203125 0.0375
0 0.58671875 0.82890625 0.0234375 0.0265625
0 0.6078125 0.68828125 0.0359375 0.040625
0 0.91875 0.9328125 0.04375 0.0328125
0 0.33125 0.79609375 0.03359375 0.02890625
0 0.140625 0.734375 0.0359375 0.0390625