0 0.2765625 0.98515625 0.0390625 0.0296875
0 0.42578125 0.7984375 0.0609375 0.046875
0 0.21015625 0.828125 0.08125 0.021875
0 0.321875 0.76640625 0.0796875 0.0328125
0 0.44453125 0.7453125 0.0953125 0.034375
0 0.11484375 0.74296875 0.0625 0.0546875
0 0.5375 0.61015625 0.0671875 0.09375
0 0.665625 0.74921875 0.0859375 0.046875
0 0.409375 0.434375 0.0921875 0.059375
0 0.74296875 0.5828125 0.0953125 0.0796875
0 0.55234375 0.91484375 0.075 0.075
0 0.628125 0.9578125 0.0546875 0.071875
0 0.15625 0.9546875 0.0359375 0.040625
0 0.121875 0.96015625 0.0390625 0.0265625