0 0.2796875 0.3875 0.05 0.0421875
0 0.28828125 0.428125 0.0578125 0.0359375
0 0.2953125 0.45625 0.0359375 0.0515625
0 0.33671875 0.4234375 0.046875 0.0421875
0 0.36640625 0.45234375 0.046875 0.028125
0 0.3421875 0.4953125 0.0359375 0.034375
0 0.3875 0.38359375 0.0328125 0.028125
0 0.4265625 0.4796875 0.0546875 0.028125
0 0.46796875 0.434375 0.034375 0.0484375
0 0.5875 0.37265625 0.0484375 0.0359375
0 0.5265625 0.4390625 0.034375 0.0296875
0 0.5765625 0.4125 0.0453125 0.0328125
0 0.40078125 0.41015625 0.034375 0.0265625