0 0.10234375 0.80859375 0.0515625 0.0765625
0 0.04140625 0.5953125 0.040625 0.0796875
0 0.02578125 0.41015625 0.046875 0.040625
0 0.01875 0.3046875 0.0375 0.05
0 0.14765625 0.1296875 0.0765625 0.1078125
0 0.09140625 0.36015625 0.046875 0.0765625
0 0.14765625 0.53984375 0.0609375 0.0703125
0 0.19765625 0.8203125 0.05625 0.084375
0 0.2640625 0.7046875 0.046875 0.0765625
0 0.2265625 0.60703125 0.0640625 0.0765625
0 0.184375 0.43203125 0.046875 0.053125
0 0.18984375 0.4984375 0.046875 0.0578125
0 0.253125 0.4734375 0.0546875 0.0640625
0 0.26328125 0.53203125 0.0328125 0.05
0 0.2796875 0.5734375 0.0546875 0.046875
0 0.33984375 0.73671875 0.0671875 0.096875
0 0.49765625 0.778125 0.0640625 0.084375
0 0.62890625 0.7453125 0.0609375 0.1
0 0.32421875 0.5515625 0.0453125 0.0625
0 0.32578125 0.43828125 0.0390625 0.0578125
0 0.30234375 0.31015625 0.0328125 0.0625
0 0.321875 0.23203125 0.0515625 0.0671875
0 0.3625 0.09296875 0.0421875 0.0609375
0 0.421875 0.13359375 0.0734375 0.096875
0 0.4796875 0.1734375 0.05625 0.0703125
0 0.37578125 0.29140625 0.0546875 0.05
0 0.3421875 0.36796875 0.0328125 0.0765625
0 0.38203125 0.4046875 0.03125 0.0578125
0 0.35234375 0.571875 0.0234375 0.0703125
0 0.36328125 0.53671875 0.0296875 0.05
0 0.38671875 0.571875 0.0375 0.046875
0 0.4109375 0.54140625 0.0421875 0.0671875
0 0.4453125 0.596875 0.034375 0.0625
0 0.496875 0.58359375 0.0640625 0.0640625
0 0.53203125 0.675 0.0375 0.0625
0 0.496875 0.63671875 0.034375 0.05
0 0.4375 0.4703125 0.034375 0.0734375
0 0.45 0.2984375 0.0421875 0.0765625
0 0.46796875 0.3796875 0.040625 0.0625
0 0.5078125 0.31328125 0.0515625 0.096875
0 0.49765625 0.421875 0.0515625 0.05
0 0.52421875 0.50703125 0.046875 0.0796875
0 0.56875 0.38515625 0.0515625 0.0578125
0 0.70703125 0.53671875 0.046875 0.0578125
0 0.696875 0.4546875 0.0640625 0.0765625
0 0.65703125 0.19140625 0.0640625 0.1109375
0 0.74921875 0.28515625 0.06875 0.1109375
0 0.8265625 0.28515625 0.05 0.09375
0 0.8890625 0.56484375 0.053125 0.1