0 0.06640625 0.71015625 0.053125 0.0671875
0 0.025 0.64453125 0.0390625 0.0609375
0 0.04375 0.61171875 0.021875 0.059375
0 0.09453125 0.6078125 0.0328125 0.078125
0 0.12890625 0.62421875 0.046875 0.0265625
0 0.13828125 0.5859375 0.0296875 0.040625
0 0.18359375 0.57109375 0.0375 0.059375
0 0.23828125 0.60546875 0.021875 0.053125
0 0.21328125 0.6015625 0.040625 0.05625
0 0.253125 0.5703125 0.034375 0.0515625
0 0.20859375 0.578125 0.0296875 0.0609375
0 0.3734375 0.403125 0.0484375 0.0546875
0 0.35625 0.446875 0.0484375 0.0375
0 0.3625 0.48125 0.046875 0.0640625
0 0.459375 0.3984375 0.0609375 0.0828125
0 0.5453125 0.51953125 0.040625 0.078125
0 0.4875 0.53984375 0.040625 0.059375
0 0.353125 0.81796875 0.0328125 0.0703125
0 0.4390625 0.8953125 0.025 0.015625
0 0.43984375 0.93515625 0.0234375 0.03125
0 0.42890625 0.91015625 0.0359375 0.01875
0 0.44453125 0.64140625 0.03125 0.0671875
0 0.41015625 0.74296875 0.0359375 0.0359375
0 0.38046875 0.82578125 0.0203125 0.0265625
0 0.3890625 0.82109375 0.028125 0.0078125
0 0.38984375 0.78828125 0.01875 0.0453125
0 0.4125 0.78359375 0.028125 0.040625
0 0.44921875 0.771875 0.03125 0.028125
0 0.45625 0.72890625 0.0328125 0.0484375
0 0.46796875 0.678125 0.0328125 0.028125
0 0.4890625 0.63125 0.0296875 0.0359375
0 0.471875 0.65546875 0.04375 0.0359375
0 0.58828125 0.65546875 0.0375 0.059375
0 0.60078125 0.7234375 0.0359375 0.0453125
0 0.6828125 0.7578125 0.028125 0.03125
0 0.68203125 0.4625 0.0375 0.0578125
0 0.67421875 0.40625 0.04375 0.0515625
0 0.72734375 0.41484375 0.0390625 0.0546875
0 0.76328125 0.384375 0.0375 0.0453125
0 0.78671875 0.40390625 0.040625 0.0625
0 0.54375 0.34609375 0.0703125 0.0734375
0 0.61796875 0.3484375 0.0515625 0.0578125
0 0.621875 0.28828125 0.0328125 0.0390625
0 0.66640625 0.2984375 0.0578125 0.03125
0 0.69921875 0.20859375 0.0484375 0.05
0 0.728125 0.171875 0.0625 0.0796875
0 0.7265625 0.32890625 0.05 0.0828125
0 0.8109375 0.1984375 0.046875 0.0828125
0 0.8359375 0.1515625 0.059375 0.0609375
0 0.8921875 0.1296875 0.0546875 0.05625
0 0.940625 0.19140625 0.059375 0.0578125
0 0.97109375 0.24140625 0.0453125 0.04375
0 0.84375 0.32421875 0.0578125 0.0734375
0 0.89921875 0.35 0.0671875 0.0390625
0 0.83828125 0.4203125 0.0375 0.0609375
0 0.86015625 0.43359375 0.0390625 0.08125
0 0.9671875 0.45234375 0.04375 0.053125
0 0.8078125 0.7625 0.0390625 0.0671875
0 0.871875 0.60078125 0.0359375 0.0703125
0 0.921875 0.603125 0.03125 0.0484375
0 0.9390625 0.7015625 0.046875 0.040625
0 0.93203125 0.63828125 0.0359375 0.05
0 0.96484375 0.63359375 0.025 0.0375