0 0.05234375 0.3453125 0.1046875 0.134375
0 0.08515625 0.45859375 0.09375 0.103125
0 0.221875 0.40703125 0.0890625 0.1234375
0 0.3109375 0.49453125 0.078125 0.11875
0 0.33359375 0.40234375 0.0859375 0.134375
0 0.3921875 0.48203125 0.0703125 0.0875
0 0.475 0.49453125 0.08125 0.0984375
0 0.4671875 0.55703125 0.078125 0.0875
0 0.4 0.5796875 0.0859375 0.109375
0 0.5234375 0.75 0.065625 0.0828125
0 0.6390625 0.571875 0.0734375 0.109375
0 0.57734375 0.6109375 0.0578125 0.046875
0 0.746875 0.66484375 0.078125 0.0875
0 0.82265625 0.6984375 0.078125 0.0875
0 0.94375 0.678125 0.1125 0.1234375
0 0.96171875 0.8328125 0.065625 0.0875
0 0.89609375 0.85859375 0.09375 0.0875