0 0.11171875 0.3578125 0.09375 0.1078125
0 0.24296875 0.23828125 0.096875 0.0859375
0 0.23515625 0.46796875 0.0765625 0.0875
0 0.1921875 0.56484375 0.078125 0.0640625
0 0.3578125 0.37578125 0.096875 0.0796875
0 0.38828125 0.53359375 0.0640625 0.08125
0 0.478125 0.65625 0.0546875 0.0671875
0 0.48359375 0.43984375 0.0765625 0.084375
0 0.5265625 0.33671875 0.071875 0.090625
0 0.6421875 0.43984375 0.084375 0.075
0 0.59765625 0.53125 0.084375 0.08125
0 0.76953125 0.4953125 0.0703125 0.1
0 0.83046875 0.5953125 0.08125 0.0625
0 0.80703125 0.67578125 0.0671875 0.053125
0 0.9109375 0.66640625 0.0625 0.075
0 0.9328125 0.61171875 0.05625 0.0546875
0 0.96640625 0.73203125 0.0671875 0.0765625