0 0.0890625 0.3265625 0.15625 0.15625
0 0.23984375 0.23125 0.16875 0.16875
0 0.23359375 0.47109375 0.1015625 0.1109375
0 0.2 0.56875 0.1296875 0.10625
0 0.35546875 0.38203125 0.146875 0.1109375
0 0.3890625 0.53359375 0.103125 0.10625
0 0.46875 0.646875 0.0890625 0.10625
0 0.4796875 0.44453125 0.103125 0.09375
0 0.5359375 0.32421875 0.0984375 0.134375
0 0.65078125 0.43125 0.103125 0.1109375
0 0.6 0.52890625 0.10625 0.0984375
0 0.77578125 0.5 0.0984375 0.1109375
0 0.8265625 0.5953125 0.0890625 0.0625
0 0.80703125 0.67578125 0.0671875 0.053125
0 0.9109375 0.66640625 0.0625 0.075
0 0.9359375 0.59765625 0.0765625 0.103125
0 0.96640625 0.7359375 0.0671875 0.084375