0 0.059375 0.4234375 0.0734375 0.1078125
0 0.17109375 0.4203125 0.09375 0.11875
0 0.2734375 0.403125 0.0671875 0.09375
0 0.32734375 0.49375 0.0609375 0.1125
0 0.39921875 0.28125 0.103125 0.1125
0 0.44140625 0.39609375 0.090625 0.1171875
0 0.5671875 0.45546875 0.0734375 0.1421875
0 0.51328125 0.48828125 0.078125 0.1015625
0 0.48984375 0.57109375 0.0703125 0.165625
0 0.40078125 0.5265625 0.0546875 0.10625
0 0.1109375 0.66328125 0.0984375 0.1078125
0 0.26640625 0.70390625 0.0734375 0.1296875
0 0.16953125 0.59140625 0.1078125 0.1421875
0 0.18125 0.5234375 0.078125 0.0953125
0 0.3984375 0.80703125 0.06875 0.0953125
0 0.12421875 0.94375 0.0875 0.1015625
0 0.775 0.8671875 0.0734375 0.1015625
0 0.68125 0.503125 0.0828125 0.1015625
0 0.71640625 0.40859375 0.08125 0.1546875
0 0.76015625 0.340625 0.1140625 0.09375
0 0.84921875 0.40859375 0.1171875 0.065625
0 0.95390625 0.35859375 0.0921875 0.0515625
0 0.8375 0.48515625 0.0734375 0.11875
0 0.7703125 0.44765625 0.0671875 0.090625