0 0.0765625 0.6625 0.084375 0.096875
0 0.10546875 0.53515625 0.078125 0.0984375
0 0.175 0.59296875 0.065625 0.09375
0 0.2453125 0.47890625 0.0671875 0.1015625
0 0.23828125 0.7140625 0.0671875 0.10625
0 0.39609375 0.48046875 0.0828125 0.1140625
0 0.32890625 0.628125 0.084375 0.0859375
0 0.434375 0.60546875 0.0828125 0.1125
0 0.49453125 0.4328125 0.090625 0.115625
0 0.57109375 0.29609375 0.0671875 0.0984375
0 0.90625 0.27265625 0.1140625 0.0953125
0 0.8140625 0.36953125 0.1 0.103125
0 0.69296875 0.346875 0.090625 0.1125
0 0.8546875 0.5421875 0.0921875 0.121875
0 0.75078125 0.49453125 0.0984375 0.1015625
0 0.61796875 0.49453125 0.0859375 0.1109375
0 0.65859375 0.6203125 0.1 0.0921875
0 0.5390625 0.64609375 0.0828125 0.11875