0 0.690625 0.26484375 0.221875 0.2078125
0 0.85078125 0.47265625 0.13125 0.13125
0 0.64375 0.46484375 0.2375 0.2140625
0 0.70703125 0.6203125 0.171875 0.1421875
0 0.5578125 0.90703125 0.2375 0.1859375
0 0.403125 0.9203125 0.2 0.159375
0 0.29609375 0.80625 0.1671875 0.153125
0 0.38203125 0.54921875 0.328125 0.321875
0 0.23125 0.12578125 0.44375 0.2296875
0 0.20546875 0.3171875 0.1640625 0.2359375
0 0.090625 0.415625 0.1625 0.175
0 0.19609375 0.6203125 0.0875 0.0984375
0 0.15625 0.68046875 0.175 0.1046875