0 0.0765625 0.6796875 0.13125 0.175
0 0.103125 0.54765625 0.1203125 0.159375
0 0.17421875 0.5953125 0.0671875 0.14375
0 0.246875 0.4765625 0.1046875 0.1796875
0 0.23984375 0.6984375 0.0828125 0.175
0 0.3953125 0.465625 0.1015625 0.1796875
0 0.33359375 0.6296875 0.1015625 0.14375
0 0.434375 0.60546875 0.0828125 0.14375
0 0.4921875 0.41796875 0.109375 0.20625
0 0.57109375 0.29375 0.1046875 0.1859375
0 0.90234375 0.28046875 0.1609375 0.1703125
0 0.81640625 0.3703125 0.1234375 0.1328125
0 0.6890625 0.3546875 0.0984375 0.128125
0 0.8671875 0.53671875 0.1203125 0.153125
0 0.75078125 0.49453125 0.0984375 0.1015625
0 0.61796875 0.49453125 0.0859375 0.1109375
0 0.66328125 0.61640625 0.109375 0.121875
0 0.55234375 0.65078125 0.109375 0.190625