0 0.06171875 0.48359375 0.0765625 0.109375
0 0.05234375 0.5984375 0.040625 0.09375
0 0.1125 0.6171875 0.0515625 0.065625
0 0.19296875 0.67734375 0.0546875 0.065625
0 0.22578125 0.43203125 0.0578125 0.0765625
0 0.25234375 0.48671875 0.0515625 0.05
0 0.30703125 0.4125 0.0578125 0.0609375
0 0.465625 0.303125 0.0375 0.065625
0 0.3203125 0.51875 0.0546875 0.0828125
0 0.27421875 0.7703125 0.0515625 0.0609375
0 0.321875 0.69921875 0.0578125 0.0984375
0 0.3234375 0.759375 0.0328125 0.0328125
0 0.3109375 0.8171875 0.046875 0.071875
0 0.390625 0.8390625 0.0375 0.071875
0 0.42578125 0.83359375 0.0375 0.065625
0 0.4578125 0.71015625 0.065625 0.0984375
0 0.44375 0.52734375 0.0515625 0.071875
0 0.490625 0.47265625 0.0515625 0.0609375
0 0.5109375 0.58984375 0.0578125 0.065625
0 0.565625 0.66953125 0.04375 0.05
0 0.56171875 0.62265625 0.0328125 0.04375
0 0.60390625 0.58203125 0.040625 0.04375
0 0.609375 0.6421875 0.0328125 0.028125
0 0.6109375 0.46171875 0.0546875 0.05
0 0.62890625 0.4015625 0.04375 0.0828125
0 0.64765625 0.5296875 0.046875 0.0765625
0 0.6875 0.49453125 0.040625 0.05
0 0.72578125 0.459375 0.046875 0.028125
0 0.72578125 0.40703125 0.046875 0.0703125
0 0.9109375 0.2078125 0.0546875 0.0828125
0 0.8015625 0.49453125 0.06875 0.071875
0 0.96875 0.459375 0.0328125 0.0609375
0 0.9421875 0.46484375 0.0328125 0.0609375
0 0.91640625 0.4703125 0.040625 0.05