0 0.225 0.44609375 0.05625 0.0578125
0 0.24609375 0.39296875 0.0328125 0.0859375
0 0.27890625 0.35703125 0.05 0.05625
0 0.328125 0.3265625 0.06875 0.0828125
0 0.35390625 0.29140625 0.046875 0.078125
0 0.39296875 0.2515625 0.0484375 0.0796875
0 0.44609375 0.17109375 0.08125 0.0640625
0 0.4796875 0.2734375 0.0859375 0.06875
0 0.51796875 0.425 0.0671875 0.06875
0 0.55625 0.4859375 0.0953125 0.0859375
0 0.5828125 0.54296875 0.0703125 0.075
0 0.6171875 0.6 0.05625 0.0828125
0 0.66796875 0.6234375 0.040625 0.09375
0 0.68984375 0.68359375 0.0734375 0.0828125
0 0.7171875 0.72109375 0.0703125 0.071875
0 0.73984375 0.76953125 0.065625 0.0609375
0 0.78125 0.8109375 0.0625 0.0546875
0 0.8015625 0.85859375 0.05625 0.0828125