0 0.2078125 0.2203125 0.0890625 0.05
0 0.3015625 0.1546875 0.0984375 0.075
0 0.2515625 0.34375 0.05 0.05625
0 0.2796875 0.46328125 0.0421875 0.0734375
0 0.40234375 0.25859375 0.0671875 0.1078125
0 0.384375 0.415625 0.0609375 0.08125
0 0.46640625 0.38359375 0.0671875 0.0890625
0 0.5421875 0.340625 0.05 0.0859375
0 0.46171875 0.52421875 0.0546875 0.0734375
0 0.5171875 0.68671875 0.05625 0.0546875
0 0.62421875 0.7453125 0.065625 0.071875
0 0.53359375 0.54609375 0.0546875 0.0734375
0 0.58671875 0.5953125 0.059375 0.096875
0 0.60078125 0.4921875 0.0453125 0.096875
0 0.64453125 0.48359375 0.0546875 0.08125
0 0.6953125 0.5015625 0.046875 0.06875
0 0.6859375 0.62109375 0.046875 0.084375
0 0.7625 0.6296875 0.0375 0.06875
0 0.8390625 0.6625 0.0453125 0.0625