0 0.04453125 0.24375 0.0453125 0.0515625
0 0.15703125 0.3984375 0.0609375 0.0359375
0 0.103125 0.63515625 0.0421875 0.04375
0 0.1875 0.73671875 0.0375 0.0375
0 0.2671875 0.5703125 0.0328125 0.0421875
0 0.2984375 0.45078125 0.04375 0.040625
0 0.403125 0.2859375 0.0453125 0.040625
0 0.3578125 0.46484375 0.034375 0.0421875
0 0.36796875 0.59296875 0.0484375 0.0375
0 0.37421875 0.515625 0.04375 0.0453125
0 0.43046875 0.51640625 0.0390625 0.075
0 0.48671875 0.4703125 0.0484375 0.0546875
0 0.4796875 0.55859375 0.0390625 0.04375
0 0.58515625 0.63828125 0.040625 0.046875
0 0.58046875 0.49296875 0.040625 0.0796875
0 0.52265625 0.5640625 0.0359375 0.053125
0 0.51796875 0.49140625 0.03125 0.0640625
0 0.72421875 0.39765625 0.040625 0.034375
0 0.67265625 0.50546875 0.0671875 0.04375
0 0.64375 0.4796875 0.034375 0.053125
0 0.653125 0.65546875 0.028125 0.040625
0 0.76640625 0.4171875 0.034375 0.0484375
0 0.8703125 0.5234375 0.0375 0.0296875
0 0.97734375 0.48984375 0.0453125 0.0359375