0 0.1328125 0.29296875 0.11875 0.1390625
0 0.1578125 0.44140625 0.1015625 0.075
0 0.18046875 0.51640625 0.0796875 0.06875
0 0.27265625 0.46640625 0.109375 0.0796875
0 0.290625 0.66796875 0.11875 0.096875
0 0.3234375 0.55859375 0.0875 0.071875
0 0.47421875 0.65703125 0.0921875 0.09375
0 0.3671875 0.28046875 0.115625 0.121875
0 0.4078125 0.375 0.1 0.096875
0 0.5625 0.46953125 0.0765625 0.0859375
0 0.703125 0.4890625 0.08125 0.0640625
0 0.75390625 0.4484375 0.0921875 0.09375
0 0.828125 0.4265625 0.1109375 0.09375
0 0.8328125 0.23359375 0.1203125 0.1828125