0 0.14765625 0.30625 0.0890625 0.1125
0 0.1578125 0.44140625 0.1015625 0.075
0 0.18046875 0.51640625 0.0796875 0.06875
0 0.27265625 0.46640625 0.109375 0.0796875
0 0.28515625 0.67265625 0.084375 0.065625
0 0.3234375 0.55859375 0.0875 0.071875
0 0.47890625 0.6421875 0.0828125 0.0640625
0 0.37890625 0.3078125 0.0921875 0.0671875
0 0.41953125 0.3578125 0.0765625 0.0625
0 0.5625 0.46953125 0.0765625 0.0859375
0 0.703125 0.4890625 0.08125 0.0640625
0 0.75390625 0.4484375 0.0921875 0.09375
0 0.828125 0.4265625 0.1109375 0.09375
0 0.84609375 0.2796875 0.09375 0.090625