0 0.10625 0.65078125 0.0640625 0.065625
0 0.11015625 0.7640625 0.075 0.075
0 0.21015625 0.59609375 0.078125 0.04375
0 0.33515625 0.584375 0.0890625 0.05
0 0.334375 0.5046875 0.059375 0.0515625
0 0.24140625 0.75078125 0.0765625 0.065625
0 0.246875 0.88671875 0.05 0.053125
0 0.3765625 0.89765625 0.0859375 0.065625
0 0.35 0.78125 0.078125 0.0859375
0 0.4328125 0.709375 0.0609375 0.071875
0 0.51171875 0.77265625 0.121875 0.1015625
0 0.625 0.79765625 0.0578125 0.0890625
0 0.68828125 0.7 0.1328125 0.0703125
0 0.8015625 0.7046875 0.096875 0.0765625
0 0.7953125 0.60546875 0.0859375 0.0765625
0 0.70078125 0.55390625 0.0828125 0.078125
0 0.5578125 0.65234375 0.090625 0.0578125
0 0.47890625 0.48671875 0.096875 0.0984375
0 0.440625 0.36015625 0.1 0.103125
0 0.5421875 0.35 0.09375 0.075
0 0.5515625 0.121875 0.109375 0.09375
0 0.671875 0.2203125 0.1046875 0.0890625
0 0.71796875 0.40546875 0.115625 0.0703125
0 0.60703125 0.4890625 0.0875 0.0984375
0 0.87265625 0.45078125 0.0765625 0.0546875
0 0.84375 0.3109375 0.1328125 0.1078125
0 0.8609375 0.1796875 0.11875 0.1046875
0 0.85390625 0.07890625 0.11875 0.10625