0 0.06015625 0.2265625 0.0640625 0.06875
0 0.33984375 0.15859375 0.065625 0.053125
0 0.184375 0.33828125 0.0765625 0.0484375
0 0.09375 0.43984375 0.0546875 0.065625
0 0.25078125 0.54453125 0.0421875 0.0609375
0 0.26640625 0.36953125 0.0578125 0.053125
0 0.27578125 0.453125 0.0484375 0.059375
0 0.3609375 0.46171875 0.059375 0.065625
0 0.36796875 0.67421875 0.06875 0.05
0 0.4234375 0.51484375 0.0484375 0.0578125
0 0.45234375 0.409375 0.0609375 0.05625
0 0.49453125 0.45 0.0421875 0.0546875
0 0.4890625 0.5484375 0.059375 0.071875
0 0.5828125 0.47265625 0.0484375 0.05
0 0.57265625 0.6546875 0.053125 0.06875
0 0.67578125 0.6890625 0.053125 0.0421875
0 0.71796875 0.50703125 0.0640625 0.046875
0 0.6859375 0.4640625 0.0453125 0.053125
0 0.8125 0.37890625 0.05 0.0453125
0 0.79296875 0.52890625 0.0578125 0.0546875
0 0.86875 0.42265625 0.046875 0.06875
0 0.9578125 0.315625 0.05625 0.0578125