0 0.06484375 0.78046875 0.0953125 0.1046875
0 0.15625 0.6640625 0.0640625 0.1
0 0.271875 0.6234375 0.0875 0.1375
0 0.28046875 0.4890625 0.0859375 0.1171875
0 0.4015625 0.47890625 0.1 0.115625
0 0.35234375 0.725 0.0921875 0.1421875
0 0.4640625 0.675 0.1 0.0953125
0 0.5421875 0.5171875 0.096875 0.1390625
0 0.559375 0.34140625 0.0953125 0.121875
0 0.7625 0.13046875 0.1625 0.125
0 0.89296875 0.25 0.1046875 0.125
0 0.7578125 0.33203125 0.125 0.15
0 0.67265625 0.45625 0.0984375 0.140625
0 0.79296875 0.60859375 0.1296875 0.140625
0 0.8953125 0.45 0.1140625 0.1609375