0 0.075 0.6515625 0.1390625 0.1921875
0 0.1375 0.47109375 0.103125 0.1578125
0 0.271875 0.475 0.0953125 0.1328125
0 0.31640625 0.29140625 0.1640625 0.19375
0 0.321875 0.66953125 0.125 0.1828125
0 0.41328125 0.4765625 0.1203125 0.1140625
0 0.53359375 0.3484375 0.1359375 0.1640625
0 0.51328125 0.5984375 0.125 0.1859375
0 0.64921875 0.58046875 0.125 0.1640625
0 0.6859375 0.3984375 0.090625 0.15
0 0.759375 0.25546875 0.1421875 0.2203125
0 0.92109375 0.2765625 0.128125 0.1296875
0 0.84765625 0.46640625 0.1171875 0.11875