0 0.18671875 0.73359375 0.0609375 0.0671875
0 0.15859375 0.4484375 0.05625 0.0765625
0 0.203125 0.3734375 0.04375 0.0703125
0 0.18203125 0.2546875 0.084375 0.14375
0 0.87890625 0.11484375 0.046875 0.075
0 0.77734375 0.3484375 0.0734375 0.1
0 0.62578125 0.31328125 0.0671875 0.084375
0 0.5484375 0.428125 0.0796875 0.0796875
0 0.51171875 0.496875 0.0625 0.0703125
0 0.35859375 0.36328125 0.0515625 0.078125
0 0.2578125 0.48125 0.0390625 0.0703125
0 0.25390625 0.5734375 0.046875 0.0546875
0 0.37734375 0.63203125 0.0640625 0.10625
0 0.3546875 0.49453125 0.059375 0.04375
0 0.365625 0.475 0.0828125 0.075
0 0.29765625 0.54296875 0.0703125 0.0703125