0 0.04296875 0.46328125 0.04375 0.0671875
0 0.09921875 0.375 0.0546875 0.0734375
0 0.11484375 0.5546875 0.0484375 0.0671875
0 0.165625 0.5046875 0.040625 0.0734375
0 0.21171875 0.4375 0.0515625 0.0609375
0 0.2875 0.38359375 0.04375 0.0734375
0 0.3625 0.3140625 0.0484375 0.046875
0 0.44921875 0.25859375 0.0546875 0.0734375
0 0.26171875 0.553125 0.05625 0.0734375
0 0.34921875 0.5859375 0.0546875 0.053125
0 0.29140625 0.4671875 0.0390625 0.075
0 0.42421875 0.54921875 0.040625 0.078125
0 0.37890625 0.50625 0.046875 0.0515625
0 0.44375 0.45703125 0.0625 0.05625
0 0.49140625 0.359375 0.0578125 0.0578125
0 0.55 0.4125 0.053125 0.0546875
0 0.51171875 0.48671875 0.0390625 0.090625
0 0.5625 0.56171875 0.053125 0.0578125
0 0.65390625 0.353125 0.0484375 0.065625
0 0.61171875 0.44921875 0.04375 0.0609375
0 0.66875 0.50078125 0.0484375 0.0671875
0 0.67421875 0.5765625 0.0515625 0.05625
0 0.734375 0.5015625 0.0515625 0.0578125
0 0.69765625 0.41875 0.0421875 0.0671875
0 0.87734375 0.36015625 0.059375 0.078125
0 0.79375 0.44765625 0.046875 0.0546875
0 0.85 0.52421875 0.04375 0.0453125
0 0.790625 0.56796875 0.059375 0.053125
0 0.88203125 0.5953125 0.046875 0.065625
0 0.95078125 0.534375 0.0578125 0.04375
0 0.90703125 0.4640625 0.0453125 0.0359375
0 0.55 0.49140625 0.034375 0.0484375