0 0.1578125 0.4515625 0.046875 0.065625
0 0.2421875 0.421875 0.06875 0.071875
0 0.34140625 0.08359375 0.0625 0.0578125
0 0.84765625 0.1 0.065625 0.0875
0 0.82734375 0.30078125 0.0640625 0.0890625
0 0.946875 0.39609375 0.0609375 0.0703125
0 0.68125 0.496875 0.053125 0.0484375
0 0.5828125 0.39140625 0.0390625 0.0609375
0 0.5984375 0.5953125 0.059375 0.0578125
0 0.50859375 0.51640625 0.05625 0.053125
0 0.3859375 0.6015625 0.0453125 0.0625
0 0.340625 0.58125 0.0578125 0.046875
0 0.35703125 0.38125 0.05625 0.0671875
0 0.45625 0.32734375 0.040625 0.071875
0 0.503125 0.3796875 0.0625 0.065625