0 0.15625 0.43359375 0.04375 0.1015625
0 0.246875 0.39765625 0.090625 0.1296875
0 0.3453125 0.07578125 0.0703125 0.0734375
0 0.82265625 0.0953125 0.1578125 0.190625
0 0.8265625 0.28125 0.0984375 0.153125
0 0.95234375 0.47109375 0.0953125 0.2875
0 0.675 0.48984375 0.078125 0.153125
0 0.58203125 0.38046875 0.0375 0.0828125
0 0.5984375 0.5953125 0.059375 0.0578125
0 0.5109375 0.49609375 0.0625 0.0890625
0 0.39921875 0.61015625 0.071875 0.0796875
0 0.32265625 0.575 0.09375 0.09375
0 0.35546875 0.37265625 0.065625 0.1234375
0 0.44375 0.3140625 0.065625 0.0984375
0 0.4984375 0.3796875 0.0828125 0.084375