0 0.07734375 0.6453125 0.0984375 0.1078125
0 0.1390625 0.4671875 0.084375 0.0984375
0 0.27578125 0.4765625 0.0875 0.1171875
0 0.3390625 0.3140625 0.0953125 0.125
0 0.3921875 0.4703125 0.090625 0.128125
0 0.3203125 0.67734375 0.0828125 0.1359375
0 0.5171875 0.596875 0.0953125 0.1375
0 0.546875 0.32734375 0.090625 0.103125
0 0.68984375 0.4125 0.078125 0.11875
0 0.65859375 0.57265625 0.1125 0.096875
0 0.84296875 0.459375 0.0828125 0.11875
0 0.76953125 0.259375 0.096875 0.1203125
0 0.91484375 0.27265625 0.1140625 0.1078125