0 0.0546875 0.11328125 0.090625 0.1
0 0.2796875 0.08984375 0.1140625 0.0984375
0 0.1765625 0.1671875 0.1125 0.140625
0 0.11015625 0.27734375 0.0875 0.1109375
0 0.2015625 0.4109375 0.0796875 0.1171875
0 0.28203125 0.24140625 0.08125 0.10625
0 0.3234375 0.36328125 0.090625 0.1453125
0 0.42578125 0.3828125 0.0875 0.1140625
0 0.5609375 0.4578125 0.0890625 0.1125
0 0.71484375 0.534375 0.096875 0.090625
0 0.921875 0.653125 0.0859375 0.1125
0 0.8171875 0.7703125 0.078125 0.109375
0 0.6921875 0.67890625 0.096875 0.1015625
0 0.58671875 0.80859375 0.0859375 0.1328125
0 0.5328125 0.64609375 0.1 0.15
0 0.38515625 0.6078125 0.090625 0.11875