0 0.859375 0.06171875 0.090625 0.1078125
0 0.85234375 0.17109375 0.109375 0.0859375
0 0.85625 0.2875 0.096875 0.11875
0 0.8765625 0.42578125 0.0546875 0.0609375
0 0.71796875 0.3828125 0.1125 0.0671875
0 0.67578125 0.20390625 0.084375 0.065625
0 0.55703125 0.11015625 0.11875 0.08125
0 0.534375 0.32421875 0.065625 0.0578125
0 0.4390625 0.3421875 0.09375 0.075
0 0.6046875 0.471875 0.075 0.053125
0 0.69296875 0.54296875 0.0640625 0.053125
0 0.796875 0.57265625 0.06875 0.084375
0 0.81328125 0.66171875 0.084375 0.0859375
0 0.6890625 0.65625 0.128125 0.0453125
0 0.63359375 0.784375 0.0671875 0.090625
0 0.515625 0.72890625 0.125 0.0875
0 0.540625 0.59921875 0.090625 0.0703125
0 0.33125 0.475 0.0671875 0.0390625
0 0.334375 0.54921875 0.0703125 0.0296875
0 0.47890625 0.48046875 0.0703125 0.0515625
0 0.4265625 0.67421875 0.0640625 0.053125
0 0.35390625 0.75 0.0671875 0.05625
0 0.38359375 0.8546875 0.08125 0.059375
0 0.259375 0.83984375 0.053125 0.0453125
0 0.2484375 0.7140625 0.075 0.0625
0 0.215625 0.57265625 0.08125 0.04375
0 0.10234375 0.61484375 0.0484375 0.046875
0 0.10625 0.71953125 0.065625 0.05625