0 0.09609375 0.3265625 0.075 0.084375
0 0.2484375 0.18515625 0.0703125 0.09375
0 0.2921875 0.1375 0.0890625 0.14375
0 0.31484375 0.34921875 0.071875 0.0671875
0 0.234375 0.459375 0.0984375 0.0890625
0 0.37421875 0.5171875 0.090625 0.09375
0 0.5015625 0.503125 0.0953125 0.0765625
0 0.43671875 0.29375 0.06875 0.090625
0 0.51953125 0.3515625 0.084375 0.078125
0 0.659375 0.371875 0.065625 0.0703125
0 0.75390625 0.32578125 0.0703125 0.078125
0 0.646875 0.46484375 0.0734375 0.0984375
0 0.80625 0.58515625 0.0875 0.1015625
0 0.8015625 0.4671875 0.0578125 0.0859375
0 0.9046875 0.465625 0.0734375 0.1109375