0 0.17421875 0.421875 0.1125 0.078125
0 0.2984375 0.5546875 0.071875 0.0765625
0 0.0453125 0.54921875 0.0734375 0.0453125
0 0.4171875 0.50390625 0.075 0.0859375
0 0.525 0.48203125 0.1125 0.046875
0 0.52890625 0.3921875 0.090625 0.078125
0 0.61875 0.49609375 0.1015625 0.1109375
0 0.68125 0.4796875 0.0796875 0.0984375
0 0.7 0.5296875 0.0703125 0.0671875
0 0.74609375 0.5921875 0.0796875 0.0828125
0 0.7765625 0.496875 0.0703125 0.084375
0 0.8390625 0.4765625 0.0828125 0.0890625
0 0.85234375 0.62734375 0.06875 0.0859375