0 0.53125 0.68984375 0.0234375 0.0765625
0 0.46171875 0.6875 0.0234375 0.0890625
0 0.4078125 0.6515625 0.0328125 0.0828125
0 0.34296875 0.6578125 0.0234375 0.0890625
0 0.3078125 0.6015625 0.0390625 0.1375
0 0.2625 0.5765625 0.0546875 0.08203125
0 0.171875 0.55703125 0.0328125 0.1078125
0 0.096875 0.5265625 0.0375 0.0890625
0 0.22265625 0.44375 0.05 0.084375
0 0.2828125 0.39296875 0.0375 0.1015625
0 0.35625 0.36640625 0.046875 0.0890625
0 0.4234375 0.3421875 0.0375 0.07734375
0 0.48125 0.2859375 0.04375 0.1078125
0 0.528125 0.23203125 0.034375 0.0953125
0 0.58125 0.20703125 0.0359375 0.06171875
0 0.61875 0.1671875 0.03125 0.0734375
0 0.69375 0.121875 0.04375 0.1078125