0 0.93671875 0.5390625 0.103125 0.078125
0 0.73984375 0.31875 0.04375 0.0890625
0 0.778125 0.375 0.046875 0.1140625
0 0.78515625 0.54140625 0.05 0.1140625
0 0.55703125 0.3421875 0.040625 0.059375
0 0.33203125 0.20859375 0.1 0.13125
0 0.28203125 0.54453125 0.084375 0.1015625
0 0.3015625 0.63984375 0.0375 0.0703125
0 0.44296875 0.5890625 0.040625 0.0890625
0 0.525 0.68125 0.053125 0.14375
0 0.51796875 0.8484375 0.0359375 0.1078125
0 0.475 0.92578125 0.0296875 0.084375
0 0.31328125 0.809375 0.0625 0.0953125
0 0.13359375 0.67890625 0.053125 0.1015625
0 0.08828125 0.88359375 0.04375 0.0953125
0 0.0546875 0.89296875 0.040625 0.0890625
0 0.83984375 0.70234375 0.053125 0.0890625
0 0.875 0.83046875 0.034375 0.078125
0 0.96640625 0.7859375 0.0265625 0.0890625
0 0.94921875 0.97578125 0.0265625 0.0484375
0 0.7953125 0.80625 0.0296875 0.1015625
0 0.8296875 0.809375 0.0234375 0.0890625
0 0.725 0.809375 0.0296875 0.065625
0 0.70859375 0.92890625 0.0765625 0.065625