0 0.8234375 0.3171875 0.040625 0.109375
0 0.7421875 0.3171875 0.0546875 0.0828125
0 0.60546875 0.3609375 0.0546875 0.0984375
0 0.578125 0.47578125 0.0546875 0.0546875
0 0.63125 0.565625 0.06875 0.1046875
0 0.5578125 0.57890625 0.046875 0.0984375
0 0.42890625 0.63359375 0.04375 0.05
0 0.40546875 0.7296875 0.0578125 0.0703125
0 0.3203125 0.7515625 0.04375 0.1046875
0 0.2546875 0.73515625 0.0546875 0.065625
0 0.20703125 0.82265625 0.0515625 0.0609375
0 0.13828125 0.7703125 0.0484375 0.071875
0 0.209375 0.7625 0.040625 0.0703125
0 0.31484375 0.4890625 0.0515625 0.109375
0 0.3765625 0.55703125 0.046875 0.065625
0 0.490625 0.459375 0.0484375 0.0765625
0 0.42578125 0.4671875 0.0484375 0.0984375
0 0.38203125 0.47578125 0.0484375 0.071875
0 0.44375 0.28984375 0.0515625 0.065625
0 0.33984375 0.26796875 0.0546875 0.0765625
0 0.278125 0.26796875 0.0390625 0.09375
0 0.23125 0.36328125 0.0484375 0.05
0 0.1875 0.33046875 0.0765625 0.0875
0 0.23125 0.28984375 0.0546875 0.0984375