0 0.82109375 0.47890625 0.153125 0.203125
0 0.68671875 0.6171875 0.1453125 0.165625
0 0.60234375 0.4359375 0.1375 0.1234375
0 0.52421875 0.55546875 0.090625 0.1328125
0 0.38828125 0.69921875 0.140625 0.10625
0 0.4796875 0.80859375 0.1265625 0.128125
0 0.56171875 0.89375 0.109375 0.0859375
0 0.365625 0.40703125 0.1015625 0.1546875
0 0.36171875 0.515625 0.1265625 0.10625
0 0.2515625 0.60625 0.109375 0.1171875
0 0.171875 0.515625 0.1046875 0.165625
0 0.115625 0.59296875 0.1125 0.1859375
0 0.2703125 0.52265625 0.103125 0.10390625
0 0.46875 0.5015625 0.121875 0.11015625