0 0.753125 0.28125 0.0734375 0.1265625
0 0.684375 0.3015625 0.075 0.103125
0 0.6140625 0.32734375 0.0734375 0.0921875
0 0.5484375 0.38203125 0.0734375 0.0984375
0 0.484375 0.42265625 0.0765625 0.103125
0 0.4203125 0.45390625 0.1 0.115625
0 0.33984375 0.4828125 0.1109375 0.109375
0 0.26015625 0.52265625 0.090625 0.0859375
0 0.34140625 0.60625 0.0796875 0.109375
0 0.4140625 0.603125 0.065625 0.1140625
0 0.4640625 0.66953125 0.0625 0.06875
0 0.53984375 0.72421875 0.065625 0.1203125
0 0.6015625 0.75859375 0.0765625 0.0984375
0 0.6703125 0.8015625 0.06875 0.109375
0 0.746875 0.8703125 0.065625 0.0984375