0 0.3890625 0.62890625 0.053125 0.078125
0 0.58828125 0.49921875 0.0484375 0.0578125
0 0.59375 0.5640625 0.0421875 0.0546875
0 0.6203125 0.6203125 0.0671875 0.0546875
0 0.621875 0.665625 0.0421875 0.0515625
0 0.575 0.734375 0.0671875 0.0515625
0 0.5234375 0.8953125 0.046875 0.0484375
0 0.48671875 0.84453125 0.040625 0.034375
0 0.8046875 0.35234375 0.065625 0.065625
0 0.79609375 0.4125 0.059375 0.05
0 0.928125 0.4984375 0.075 0.046875
0 0.82109375 0.55390625 0.078125 0.0515625
0 0.8078125 0.60234375 0.0671875 0.0515625
0 0.8421875 0.765625 0.05625 0.059375
0 0.71875 0.490625 0.0609375 0.046875
0 0.675 0.53828125 0.059375 0.0515625
0 0.68671875 0.7734375 0.05625 0.0546875
0 0.68515625 0.8359375 0.0609375 0.04375
0 0.6359375 0.88125 0.05625 0.059375