0 0.05390625 0.34921875 0.0875 0.0765625
0 0.08359375 0.4609375 0.078125 0.0671875
0 0.21953125 0.42109375 0.071875 0.071875
0 0.334375 0.42578125 0.0734375 0.0734375
0 0.3171875 0.47734375 0.065625 0.0859375
0 0.38515625 0.48203125 0.0609375 0.0546875
0 0.47109375 0.496875 0.078125 0.0671875
0 0.46015625 0.5453125 0.071875 0.059375
0 0.4078125 0.5734375 0.0609375 0.0625
0 0.6359375 0.57109375 0.0671875 0.046875
0 0.58046875 0.61171875 0.0484375 0.0390625
0 0.57109375 0.67265625 0.0625 0.0640625
0 0.52421875 0.753125 0.04375 0.0390625
0 0.7453125 0.66328125 0.059375 0.0546875
0 0.82578125 0.715625 0.059375 0.0484375
0 0.9515625 0.69921875 0.0703125 0.0625
0 0.8921875 0.84765625 0.0578125 0.0421875
0 0.95234375 0.83984375 0.0484375 0.0359375