0 0.2015625 0.16953125 0.0234375 0.046875
0 0.24296875 0.1890625 0.0265625 0.046875
0 0.603125 0.28515625 0.025 0.046875
0 0.6515625 0.2671875 0.021875 0.046875
0 0.4453125 0.26640625 0.028125 0.05
0 0.2734375 0.3046875 0.0171875 0.04375
0 0.35 0.3890625 0.021875 0.05
0 0.1984375 0.46484375 0.025 0.046875
0 0.28515625 0.5203125 0.0203125 0.053125
0 0.5984375 0.64296875 0.0203125 0.05
0 0.25234375 0.69765625 0.025 0.0484375
0 0.31875 0.75234375 0.0328125 0.05078125
0 0.28828125 0.6890625 0.04140625 0.0453125
0 0.2484375 0.5046875 0.03125 0.05546875
0 0.165625 0.3859375 0.0390625 0.0609375
0 0.2546875 0.39140625 0.0296875 0.040625
0 0.21015625 0.3296875 0.0296875 0.0453125
0 0.2484375 0.26015625 0.04375 0.078125
0 0.290625 0.24765625 0.0375 0.04453125
0 0.296875 0.225 0.01875 0.0234375
0 0.34765625 0.24453125 0.03515625 0.05078125
0 0.3703125 0.2328125 0.021875 0.0359375
0 0.3984375 0.2109375 0.0359375 0.06171875
0 0.375 0.16328125 0.034375 0.0375
0 0.15546875 0.2828125 0.0296875 0.0421875
0 0.484375 0.2828125 0.0234375 0.0453125
0 0.49375 0.2578125 0.03046875 0.0421875
0 0.5515625 0.22734375 0.0328125 0.04765625
0 0.565625 0.2078125 0.0296875 0.0359375
0 0.5046875 0.3171875 0.028125 0.0484375
0 0.4203125 0.378125 0.0328125 0.0609375
0 0.315625 0.35234375 0.0265625 0.05078125
0 0.32421875 0.4296875 0.0390625 0.0421875
0 0.203125 0.58203125 0.034375 0.04140625
0 0.3375 0.6171875 0.0390625 0.0703125
0 0.21015625 0.753125 0.04140625 0.0484375
0 0.328125 0.71796875 0.02734375 0.025
0 0.34375 0.7640625 0.01875 0.0515625
0 0.36171875 0.74609375 0.0203125 0.04140625
0 0.3828125 0.696875 0.034375 0.0453125
0 0.43046875 0.7625 0.040625 0.0484375
0 0.46953125 0.82890625 0.0328125 0.040625
0 0.5640625 0.82109375 0.0390625 0.04375
0 0.5125 0.77109375 0.03671875 0.04140625
0 0.46171875 0.74140625 0.0328125 0.0375
0 0.40859375 0.62734375 0.0359375 0.05390625
0 0.43203125 0.66171875 0.04375 0.034375
0 0.45546875 0.65703125 0.028125 0.05078125
0 0.3421875 0.56328125 0.0359375 0.03203125
0 0.3515625 0.5265625 0.034375 0.0609375
0 0.3671875 0.5625 0.03515625 0.0390625
0 0.38984375 0.4578125 0.04140625 0.0640625
0 0.43515625 0.47265625 0.034375 0.05390625
0 0.4640625 0.4640625 0.0296875 0.0640625
0 0.5 0.4859375 0.0359375 0.0578125
0 0.52421875 0.47734375 0.0328125 0.071875
0 0.51796875 0.3734375 0.0359375 0.02734375
0 0.51796875 0.40703125 0.028125 0.05078125
0 0.475 0.33125 0.03125 0.0453125
0 0.57109375 0.33515625 0.0328125 0.0375
0 0.59453125 0.34921875 0.025 0.0375
0 0.57890625 0.38046875 0.0328125 0.034375
0 0.6046875 0.4078125 0.0375 0.04921875
0 0.565625 0.43828125 0.0265625 0.040625
0 0.565625 0.5 0.025 0.0421875
0 0.534375 0.55546875 0.0421875 0.05625
0 0.4828125 0.628125 0.028125 0.03984375
0 0.525 0.6625 0.034375 0.05859375
0 0.5453125 0.71796875 0.02421875 0.053125
0 0.5515625 0.76875 0.0453125 0.05234375
0 0.58125 0.75859375 0.025 0.05625
0 0.609375 0.771875 0.03125 0.0515625
0 0.66953125 0.7953125 0.03828125 0.04296875
0 0.65625 0.75 0.0234375 0.04609375
0 0.640625 0.72109375 0.0203125 0.03828125
0 0.66875 0.71171875 0.028125 0.040625
0 0.71484375 0.70390625 0.0390625 0.059375
0 0.7421875 0.66328125 0.0359375 0.06328125
0 0.56875 0.66015625 0.028125 0.03125
0 0.5625 0.5921875 0.02734375 0.0390625
0 0.60234375 0.54609375 0.0328125 0.04765625
0 0.63515625 0.471875 0.028125 0.0453125
0 0.640625 0.50234375 0.02734375 0.03828125
0 0.659375 0.51171875 0.0265625 0.05703125
0 0.65703125 0.46328125 0.0328125 0.059375
0 0.66875 0.36953125 0.0296875 0.03515625
0 0.66953125 0.3984375 0.034375 0.0234375
0 0.6921875 0.41953125 0.0453125 0.05703125
0 0.715625 0.31328125 0.04375 0.040625
0 0.709375 0.240625 0.03125 0.0390625
0 0.7484375 0.2546875 0.0359375 0.0515625
0 0.7109375 0.38125 0.0359375 0.0546875
0 0.7234375 0.42578125 0.028125 0.05
0 0.6984375 0.471875 0.025 0.05234375
0 0.678125 0.5515625 0.04375 0.0484375
0 0.65 0.60703125 0.0375 0.05
0 0.65390625 0.6390625 0.03828125 0.04609375
0 0.69765625 0.65 0.028125 0.04921875
0 0.7359375 0.59453125 0.0390625 0.03515625
0 0.7671875 0.58828125 0.0421875 0.02265625
0 0.78671875 0.60078125 0.0265625 0.040625
0 0.7578125 0.509375 0.0203125 0.03671875
0 0.75625 0.48046875 0.0328125 0.03125
0 0.7875 0.54375 0.028125 0.0484375
0 0.809375 0.50234375 0.028125 0.028125
0 0.8359375 0.503125 0.03125 0.0453125
0 0.79296875 0.43984375 0.0390625 0.05390625
0 0.78203125 0.3859375 0.040625 0.0453125
0 0.81953125 0.40859375 0.0296875 0.046875
0 0.840625 0.3796875 0.040625 0.05859375
0 0.83828125 0.428125 0.028125 0.04296875
0 0.33671875 0.47421875 0.025 0.04140625