0 0.63671875 0.25390625 0.0484375 0.109375
0 0.60703125 0.29765625 0.0359375 0.09375
0 0.55625 0.3609375 0.0484375 0.0875
0 0.49296875 0.390625 0.0328125 0.1046875
0 0.48203125 0.4671875 0.0375 0.065625
0 0.409375 0.4453125 0.0375 0.0875
0 0.5328125 0.5296875 0.040625 0.0875
0 0.56328125 0.4890625 0.0328125 0.065625
0 0.6453125 0.5765625 0.028125 0.0546875
0 0.634375 0.61171875 0.021875 0.05
0 0.609375 0.63125 0.0296875 0.0765625
0 0.67421875 0.653125 0.040625 0.0828125
0 0.69453125 0.60078125 0.0265625 0.0765625
0 0.790625 0.62578125 0.0265625 0.0546875
0 0.778125 0.715625 0.028125 0.0765625