0 0.91796875 0.82421875 0.05 0.071875
0 0.81328125 0.63359375 0.0640625 0.078125
0 0.71171875 0.36640625 0.0578125 0.1015625
0 0.6953125 0.2265625 0.0578125 0.1078125
0 0.6765625 0.54453125 0.053125 0.078125
0 0.49140625 0.39296875 0.046875 0.084375
0 0.5203125 0.2265625 0.1265625 0.1796875
0 0.403125 0.315625 0.0578125 0.11875
0 0.36015625 0.4015625 0.046875 0.0484375
0 0.31015625 0.07734375 0.0265625 0.084375
0 0.22578125 0.41171875 0.028125 0.034375
0 0.2203125 0.45390625 0.05234375 0.03359375
0 0.10546875 0.390625 0.03359375 0.04375
0 0.0984375 0.44921875 0.03671875 0.03359375
0 0.0859375 0.28671875 0.0328125 0.0484375
0 0.034375 0.40078125 0.03671875 0.05390625
0 0.2765625 0.3078125 0.02890625 0.0484375