0 0.13828125 0.35390625 0.0796875 0.14375
0 0.25703125 0.11015625 0.0765625 0.1671875
0 0.43203125 0.2890625 0.0609375 0.1078125
0 0.59296875 0.1875 0.0765625 0.078125
0 0.603125 0.3125 0.0671875 0.084375
0 0.6046875 0.371875 0.0203125 0.0546875
0 0.6453125 0.375 0.04375 0.059375
0 0.478125 0.4109375 0.0375 0.0546875
0 0.50703125 0.44375 0.034375 0.0421875
0 0.48359375 0.47890625 0.040625 0.065625
0 0.56796875 0.5328125 0.040625 0.0484375
0 0.69296875 0.5296875 0.034375 0.0484375
0 0.5984375 0.6546875 0.053125 0.059375