0 0.6984375 0.13125 0.15625 0.115625
0 0.6203125 0.2375 0.090625 0.115625
0 0.46875 0.19140625 0.13125 0.1375
0 0.51640625 0.3828125 0.1203125 0.13125
0 0.6671875 0.69140625 0.090625 0.159375
0 0.4015625 0.59296875 0.1125 0.1640625
0 0.2109375 0.5 0.1171875 0.0984375
0 0.23828125 0.6859375 0.0953125 0.1203125
0 0.09453125 0.6203125 0.1171875 0.125
0 0.03828125 0.71015625 0.0765625 0.1203125
0 0.1109375 0.7703125 0.0953125 0.109375
0 0.21484375 0.9375 0.1171875 0.115625
0 0.6140625 0.975 0.071875 0.05
0 0.6453125 0.95390625 0.0765625 0.065625