0 0.38359375 0.6421875 0.0625 0.1140625
0 0.57421875 0.7265625 0.065625 0.0765625
0 0.48203125 0.84453125 0.0734375 0.05
0 0.51640625 0.8828125 0.0578125 0.065625
0 0.63828125 0.8828125 0.0515625 0.0765625
0 0.68515625 0.8359375 0.0578125 0.0609375
0 0.6875 0.759375 0.0578125 0.0984375
0 0.84375 0.75703125 0.090625 0.0765625
0 0.92890625 0.478125 0.0765625 0.0609375
0 0.8125 0.3390625 0.0765625 0.0984375
0 0.58515625 0.4921875 0.0578125 0.09375
0 0.678125 0.54921875 0.0546875 0.09375
0 0.71484375 0.48671875 0.0796875 0.071875
0 0.79453125 0.4125 0.0515625 0.071875
0 0.8109375 0.5515625 0.0796875 0.04375
0 0.809375 0.60390625 0.090625 0.0546875
0 0.621875 0.6640625 0.0578125 0.0609375
0 0.62578125 0.609375 0.109375 0.0546875
0 0.58203125 0.57109375 0.084375 0.059375