0 0.05234375 0.41015625 0.025 0.028125
0 0.1 0.4234375 0.028125 0.028125
0 0.1 0.46171875 0.040625 0.0328125
0 0.1015625 0.4921875 0.0484375 0.028125
0 0.134375 0.51640625 0.025 0.0328125
0 0.0203125 0.56796875 0.0328125 0.0328125
0 0.16875 0.44296875 0.025 0.0328125
0 0.1875 0.4375 0.01875 0.028125
0 0.17421875 0.40703125 0.021875 0.0328125
0 0.1453125 0.3796875 0.025 0.0390625
0 0.16875 0.3609375 0.0296875 0.0546875
0 0.19296875 0.32265625 0.0515625 0.0328125
0 0.165625 0.24609375 0.04375 0.04375
0 0.22890625 0.27890625 0.0328125 0.0390625
0 0.28515625 0.1859375 0.0375 0.04375
0 0.3421875 0.2375 0.021875 0.0328125
0 0.321875 0.2484375 0.0296875 0.0609375
0 0.33828125 0.31953125 0.021875 0.04375
0 0.2453125 0.35 0.0375 0.0328125
0 0.21640625 0.4046875 0.0375 0.0328125
0 0.2546875 0.4453125 0.01875 0.0328125
0 0.27109375 0.49765625 0.0171875 0.0328125
0 0.2234375 0.50234375 0.01875 0.0328125
0 0.36328125 0.27890625 0.0265625 0.0390625
0 0.4 0.25703125 0.0296875 0.05
0 0.4578125 0.19375 0.0296875 0.0390625
0 0.5015625 0.1828125 0.040625 0.0390625
0 0.521875 0.215625 0.040625 0.0328125
0 0.43671875 0.11171875 0.0328125 0.05
0 0.38203125 0.128125 0.0265625 0.0328125
0 0.3796875 0.15546875 0.0265625 0.028125
0 0.31796875 0.17734375 0.025 0.0390625
0 0.3546875 0.2046875 0.0390625 0.028125
0 0.74765625 0.215625 0.028125 0.065625
0 0.8109375 0.15546875 0.0546875 0.0609375
0 0.86875 0.10078125 0.0515625 0.04375
0 0.86171875 0.07109375 0.0734375 0.05
0 0.69453125 0.29765625 0.046875 0.05
0 0.4796875 0.02734375 0.0578125 0.0546875
0 0.42734375 0.0625 0.04375 0.021875
0 0.621875 0.153125 0.028125 0.0375
0 0.6421875 0.12265625 0.0265625 0.0328125
0 0.7578125 0.065625 0.0375 0.0546875
0 0.778125 0.25390625 0.0328125 0.071875
0 0.92890625 0.1640625 0.0515625 0.0546875
0 0.9453125 0.12578125 0.021875 0.0546875
0 0.6375 0.20546875 0.06640625 0.05546875
0 0.578125 0.190625 0.0765625 0.05390625
0 0.55078125 0.12890625 0.0703125 0.05546875
0 0.66875 0.07421875 0.0640625 0.03671875
0 0.87421875 0.26484375 0.04765625 0.09140625