0 0.8046875 0.35078125 0.040625 0.0890625
0 0.7359375 0.29765625 0.040625 0.0453125
0 0.621875 0.25078125 0.05 0.053125
0 0.6421875 0.3375 0.0578125 0.053125
0 0.53984375 0.30859375 0.053125 0.053125
0 0.4796875 0.1109375 0.040625 0.053125
0 0.4421875 0.1359375 0.0578125 0.0765625
0 0.2265625 0.12421875 0.05 0.05
0 0.21328125 0.07578125 0.053125 0.0796875
0 0.16015625 0.06015625 0.040625 0.0671875
0 0.4640625 0.32421875 0.021875 0.0578125
0 0.4203125 0.31328125 0.05 0.053125
0 0.74453125 0.4265625 0.0265625 0.0453125