0 0.17421875 0.1859375 0.0796875 0.0828125
0 0.278125 0.2046875 0.065625 0.0765625
0 0.32578125 0.303125 0.04375 0.0546875
0 0.30390625 0.4234375 0.06875 0.0609375
0 0.09609375 0.54609375 0.065625 0.0765625
0 0.28515625 0.7953125 0.065625 0.0546875
0 0.34921875 0.77890625 0.0625 0.065625
0 0.44765625 0.6828125 0.0484375 0.04375
0 0.38515625 0.59296875 0.0546875 0.0703125
0 0.46171875 0.58203125 0.0546875 0.071875
0 0.43828125 0.49453125 0.06875 0.059375
0 0.42734375 0.3828125 0.0765625 0.065625
0 0.43828125 0.28984375 0.0765625 0.0546875
0 0.3984375 0.23515625 0.065625 0.071875
0 0.57890625 0.1921875 0.0703125 0.0859375
0 0.85625 0.1609375 0.0796875 0.071875
0 0.7125 0.3828125 0.06875 0.071875
0 0.6125 0.33046875 0.065625 0.0484375
0 0.58203125 0.4375 0.0875 0.0328125
0 0.4984375 0.4046875 0.065625 0.065625
0 0.56171875 0.49453125 0.046875 0.059375
0 0.5421875 0.5546875 0.0515625 0.04375
0 0.52578125 0.65859375 0.0484375 0.0546875
0 0.63828125 0.7296875 0.06875 0.05
0 0.6546875 0.60625 0.0828125 0.059375
0 0.7578125 0.5546875 0.0765625 0.0609375
0 0.66328125 0.46484375 0.0625 0.065625
0 0.71640625 0.4453125 0.0515625 0.065625
0 0.84921875 0.54375 0.0578125 0.059375
0 0.8890625 0.49453125 0.0578125 0.0546875
0 0.94765625 0.53828125 0.0546875 0.065625
0 0.90390625 0.75703125 0.065625 0.0765625
0 0.790625 0.86328125 0.0578125 0.0390625
0 0.7453125 0.803125 0.06875 0.05