0 0.38671875 0.62578125 0.05625 0.08125
0 0.57421875 0.7265625 0.065625 0.0765625
0 0.48203125 0.84453125 0.0734375 0.05
0 0.51640625 0.8828125 0.0578125 0.065625
0 0.63828125 0.8828125 0.0515625 0.0765625
0 0.68515625 0.8359375 0.0578125 0.0609375
0 0.6859375 0.7734375 0.0546875 0.0703125
0 0.8484375 0.753125 0.08125 0.06875
0 0.92890625 0.478125 0.0765625 0.0609375
0 0.80859375 0.3515625 0.0703125 0.075
0 0.58515625 0.4921875 0.0578125 0.09375
0 0.678125 0.54921875 0.0546875 0.09375
0 0.71484375 0.48671875 0.0796875 0.071875
0 0.79453125 0.4125 0.0515625 0.071875
0 0.8109375 0.5515625 0.0796875 0.04375
0 0.809375 0.60390625 0.090625 0.0546875
0 0.621875 0.6640625 0.0578125 0.0609375
0 0.615625 0.60859375 0.0890625 0.053125
0 0.58203125 0.57109375 0.084375 0.059375