0 0.58125 0.27109375 0.05625 0.10625
0 0.5828125 0.38984375 0.075 0.0640625
0 0.46015625 0.334375 0.0875 0.084375
0 0.74921875 0.36875 0.078125 0.0578125
0 0.690625 0.3421875 0.0828125 0.0578125
0 0.77890625 0.3234375 0.0640625 0.0578125
0 0.84375 0.4734375 0.053125 0.06875
0 0.53359375 0.42890625 0.05 0.0578125
0 0.32421875 0.19453125 0.0453125 0.0953125
0 0.14140625 0.18125 0.0796875 0.06875
0 0.3 0.31875 0.05 0.084375
0 0.67890625 0.43984375 0.071875 0.06875
0 0.91640625 0.26875 0.0515625 0.0765625
0 0.39375 0.48828125 0.05625 0.046875
0 0.46875 0.41875 0.0515625 0.03984375
0 0.2890625 0.371875 0.05 0.0484375
0 0.03515625 0.359375 0.06640625 0.0546875
0 0.1515625 0.41953125 0.05625 0.034375