0 0.778125 0.86015625 0.0734375 0.078125
0 0.38671875 0.80390625 0.0640625 0.125
0 0.11328125 0.92890625 0.090625 0.1078125
0 0.11015625 0.63984375 0.0796875 0.1015625
0 0.06484375 0.434375 0.09375 0.125
0 0.1796875 0.41640625 0.096875 0.125
0 0.18359375 0.5234375 0.0703125 0.084375
0 0.1703125 0.6015625 0.0734375 0.11875
0 0.26640625 0.7203125 0.0640625 0.1015625
0 0.26328125 0.559375 0.0765625 0.1140625
0 0.2734375 0.38359375 0.0734375 0.1078125
0 0.321875 0.49140625 0.05625 0.11875
0 0.403125 0.54765625 0.0625 0.1140625
0 0.4765625 0.55625 0.0703125 0.13125
0 0.40546875 0.2890625 0.1125 0.1234375
0 0.4453125 0.4015625 0.1 0.1140625
0 0.51640625 0.47890625 0.0671875 0.0890625
0 0.56640625 0.4640625 0.0671875 0.084375
0 0.54140625 0.54453125 0.0703125 0.059375
0 0.678125 0.49375 0.0734375 0.0953125
0 0.70703125 0.39296875 0.053125 0.14375
0 0.76171875 0.315625 0.1109375 0.125
0 0.93984375 0.3390625 0.1171875 0.1015625
0 0.8515625 0.41640625 0.0875 0.071875
0 0.83203125 0.5 0.053125 0.084375
0 0.7703125 0.4609375 0.0671875 0.078125