0 0.31171875 0.503125 0.0359375 0.0484375
0 0.41484375 0.53671875 0.04375 0.0609375
0 0.365625 0.5578125 0.0359375 0.0546875
0 0.33125 0.596875 0.0328125 0.0671875
0 0.24765625 0.5546875 0.04375 0.0484375
0 0.17890625 0.52109375 0.046875 0.0546875
0 0.1640625 0.5875 0.0265625 0.03125
0 0.12421875 0.6 0.0296875 0.0421875
0 0.07890625 0.5515625 0.0296875 0.0546875
0 0.0625 0.6 0.0359375 0.0421875
0 0.0265625 0.53671875 0.0265625 0.0421875
0 0.02109375 0.62734375 0.0359375 0.0484375
0 0.02265625 0.7 0.0328125 0.0484375
0 0.0984375 0.7546875 0.0328125 0.0484375
0 0.04765625 0.76640625 0.0359375 0.0484375
0 0.17890625 0.73359375 0.0265625 0.0546875
0 0.13125 0.7875 0.0265625 0.0484375
0 0.44921875 0.7578125 0.0265625 0.0484375
0 0.3734375 0.76640625 0.0265625 0.0359375
0 0.31015625 0.69375 0.0203125 0.0359375
0 0.26875 0.72421875 0.0296875 0.0546875
0 0.2296875 0.7390625 0.0296875 0.0484375
0 0.21171875 0.6125 0.0234375 0.0484375
0 0.28671875 0.5875 0.0359375 0.0546875
0 0.503125 0.790625 0.0359375 0.0796875
0 0.7640625 0.5421875 0.04375 0.0484375
0 0.85078125 0.5484375 0.0390625 0.0484375
0 0.803125 0.596875 0.04375 0.0421875
0 0.88046875 0.63046875 0.0328125 0.0609375
0 0.92109375 0.5546875 0.05 0.0375
0 0.74609375 0.596875 0.0328125 0.0484375
0 0.6375 0.51484375 0.059375 0.0609375
0 0.58046875 0.509375 0.04375 0.0484375
0 0.4671875 0.53046875 0.0328125 0.0546875
0 0.48515625 0.59375 0.0390625 0.0546875
0 0.71953125 0.76328125 0.0390625 0.0546875
0 0.9390625 0.796875 0.0265625 0.0609375
0 0.965625 0.78203125 0.0265625 0.0484375
0 0.92421875 0.7546875 0.0265625 0.0484375
0 0.87890625 0.76953125 0.0359375 0.0375
0 0.85234375 0.76328125 0.0390625 0.0484375
0 0.85078125 0.690625 0.0328125 0.0484375
0 0.9703125 0.6390625 0.0265625 0.0484375
0 0.82421875 0.66640625 0.0328125 0.0484375
0 0.7671875 0.76640625 0.0359375 0.0609375
0 0.81171875 0.803125 0.0296875 0.0546875
0 0.63125 0.609375 0.0359375 0.0609375
0 0.56875 0.63046875 0.0265625 0.0609375
0 0.44453125 0.62109375 0.0234375 0.0484375
0 0.5328125 0.6390625 0.0234375 0.0796875
0 0.3296875 0.76328125 0.0296875 0.090625