0 0.86796875 0.04609375 0.0734375 0.0921875
0 0.7796875 0.065625 0.065625 0.109375
0 0.69765625 0.1390625 0.0796875 0.0875
0 0.81171875 0.49375 0.0796875 0.0703125
0 0.5375 0.2953125 0.08125 0.0765625
0 0.34609375 0.21796875 0.078125 0.0765625
0 0.21875 0.06640625 0.0859375 0.0625
0 0.15625 0.09609375 0.071875 0.0671875
0 0.09375 0.38515625 0.0890625 0.0578125
0 0.22890625 0.43515625 0.078125 0.0890625
0 0.5125 0.40703125 0.078125 0.0671875
0 0.39453125 0.5125 0.0796875 0.0453125
0 0.51640625 0.521875 0.0734375 0.059375
0 0.75546875 0.71015625 0.0953125 0.0765625
0 0.61484375 0.65 0.065625 0.0765625
0 0.55625 0.625 0.0828125 0.0671875
0 0.5796875 0.80078125 0.06875 0.0609375
0 0.53984375 0.846875 0.0625 0.071875
0 0.790625 0.95625 0.0734375 0.0609375
0 0.61796875 0.9671875 0.090625 0.065625
0 0.49296875 0.96171875 0.0734375 0.0765625
0 0.3859375 0.84375 0.0703125 0.05625
0 0.315625 0.79296875 0.071875 0.0484375
0 0.24453125 0.6078125 0.075 0.05625
0 0.165625 0.65 0.0734375 0.0546875
0 0.05234375 0.6390625 0.084375 0.05
0 0.02578125 0.671875 0.0515625 0.0390625
0 0.0234375 0.7453125 0.046875 0.071875
0 0.21171875 0.746875 0.084375 0.04375
0 0.159375 0.8796875 0.0671875 0.065625
0 0.0203125 0.871875 0.040625 0.0765625