0 0.15859375 0.2453125 0.10625 0.08125
0 0.14765625 0.2921875 0.0640625 0.075
0 0.21953125 0.41015625 0.0515625 0.1125
0 0.16640625 0.471875 0.0734375 0.075
0 0.08515625 0.64609375 0.0671875 0.0375
0 0.03359375 0.66796875 0.0640625 0.125
0 0.03515625 0.7734375 0.0546875 0.075
0 0.065625 0.84765625 0.0265625 0.04375
0 0.03515625 0.953125 0.0390625 0.04375
0 0.02734375 0.91015625 0.0453125 0.0625
0 0.08359375 0.95 0.021875 0.05
0 0.16171875 0.7015625 0.040625 0.04375
0 0.14921875 0.7859375 0.0578125 0.0625
0 0.1734375 0.84765625 0.0671875 0.075
0 0.28203125 0.67109375 0.10625 0.1296875
0 0.40859375 0.7296875 0.0671875 0.1296875
0 0.434375 0.58359375 0.0609375 0.09375
0 0.47109375 0.42578125 0.1125 0.1625
0 0.33359375 0.82265625 0.0546875 0.05625
0 0.33828125 0.90390625 0.0609375 0.0875
0 0.246875 0.9625 0.0484375 0.05
0 0.503125 0.84765625 0.0703125 0.075
0 0.39921875 0.971875 0.0390625 0.05625
0 0.51640625 0.953125 0.0453125 0.06875
0 0.565625 0.92890625 0.0359375 0.05
0 0.58203125 0.60234375 0.084375 0.09375
0 0.59140625 0.5125 0.0765625 0.10625
0 0.52578125 0.31640625 0.0484375 0.1
0 0.51640625 0.2046875 0.0640625 0.11875
0 0.58515625 0.33203125 0.0765625 0.1125
0 0.58046875 0.2640625 0.04375 0.05625
0 0.66015625 0.5125 0.0546875 0.09375
0 0.98046875 0.475 0.0390625 0.1296875
0 0.93125 0.484375 0.0546875 0.1
0 0.78515625 0.59609375 0.0484375 0.075
0 0.73046875 0.56796875 0.0609375 0.0875
0 0.73359375 0.63671875 0.04375 0.08125
0 0.6734375 0.64921875 0.04375 0.0671875
0 0.71328125 0.6984375 0.0984375 0.075
0 0.91015625 0.7421875 0.0390625 0.11875
0 0.68125 0.89765625 0.0703125 0.06875
0 0.7609375 0.88203125 0.0546875 0.05
0 0.815625 0.86640625 0.0359375 0.04375
0 0.8109375 0.9625 0.0484375 0.04375