0 0.89140625 0.071875 0.0890625 0.14375
0 0.79140625 0.1390625 0.078125 0.18125
0 0.640625 0.18828125 0.1078125 0.1609375
0 0.41328125 0.23984375 0.1078125 0.20625
0 0.12578125 0.1703125 0.08125 0.109375
0 0.040625 0.39453125 0.08125 0.196875
0 0.29921875 0.56171875 0.1078125 0.1703125
0 0.115625 0.6265625 0.128125 0.1546875
0 0.728125 0.3890625 0.09375 0.1453125
0 0.934375 0.31171875 0.0859375 0.109375
0 0.92109375 0.4765625 0.09375 0.18125
0 0.959375 0.71875 0.08125 0.134375
0 0.8046875 0.5640625 0.096875 0.0828125
0 0.86640625 0.4796875 0.096875 0.109375
0 0.63125 0.603125 0.0546875 0.165625
0 0.5734375 0.59296875 0.0890625 0.175
0 0.78203125 0.66015625 0.0703125 0.1234375
0 0.83359375 0.70390625 0.0578125 0.09375
0 0.75859375 0.80390625 0.08125 0.103125
0 0.6734375 0.79921875 0.1046875 0.1296875
0 0.55625 0.9125 0.115625 0.1234375
0 0.8375 0.9171875 0.0578125 0.0671875
0 0.81484375 0.95390625 0.0890625 0.0875
0 0.9359375 0.96875 0.065625 0.0625
0 0.1484375 0.76015625 0.0703125 0.09375