0 0.12109375 0.65625 0.0625 0.0609375
0 0.14453125 0.615625 0.046875 0.0546875
0 0.1859375 0.56875 0.0625 0.0546875
0 0.221875 0.53046875 0.0359375 0.059375
0 0.2546875 0.4890625 0.0359375 0.05
0 0.29765625 0.4453125 0.0359375 0.0609375
0 0.4640625 0.58515625 0.0546875 0.05
0 0.43828125 0.5359375 0.065625 0.05
0 0.41875 0.49453125 0.0578125 0.0546875
0 0.39140625 0.43125 0.0578125 0.021875
0 0.36796875 0.3875 0.046875 0.04375
0 0.3484375 0.33203125 0.0328125 0.0390625
0 0.384375 0.30234375 0.046875 0.0390625
0 0.409375 0.2828125 0.0359375 0.0328125
0 0.43125 0.271875 0.0359375 0.0390625
0 0.465625 0.24453125 0.0515625 0.04375
0 0.4984375 0.22265625 0.0578125 0.04375
0 0.56171875 0.253125 0.0390625 0.0390625
0 0.58125 0.29140625 0.0515625 0.028125
0 0.59921875 0.31875 0.0625 0.028125
0 0.6390625 0.36015625 0.040625 0.04375
0 0.64765625 0.40625 0.0390625 0.04375
0 0.66796875 0.44765625 0.04375 0.05
0 0.67890625 0.4890625 0.0390625 0.0328125
0 0.70546875 0.51640625 0.0328125 0.0390625
0 0.71875 0.5546875 0.0546875 0.0328125
0 0.7328125 0.58828125 0.0515625 0.0390625
0 0.74375 0.62109375 0.040625 0.04375
0 0.7578125 0.6484375 0.04375 0.0390625
0 0.7796875 0.67578125 0.0328125 0.021875
0 0.790625 0.6953125 0.0515625 0.021875
0 0.803125 0.75859375 0.04375 0.015625
0 0.81796875 0.7828125 0.0359375 0.021875
0 0.79765625 0.72265625 0.0296875 0.0171875
0 0.8265625 0.8046875 0.0328125 0.021875
0 0.8265625 0.840625 0.025 0.028125
0 0.84140625 0.86015625 0.0359375 0.028125
0 0.85546875 0.8875 0.025 0.028125
0 0.85 0.92578125 0.025 0.028125
0 0.86796875 0.953125 0.040625 0.028125
0 0.54609375 0.13671875 0.06015625 0.04765625
0 0.553125 0.1859375 0.05703125 0.0390625