0 0.05703125 0.9296875 0.08125 0.1140625
0 0.1265625 0.8484375 0.0890625 0.0921875
0 0.115625 0.640625 0.090625 0.103125
0 0.065625 0.440625 0.103125 0.0921875
0 0.17421875 0.4296875 0.1171875 0.11875
0 0.18515625 0.52421875 0.0765625 0.0765625
0 0.1796875 0.5921875 0.0734375 0.0875
0 0.26015625 0.6921875 0.0765625 0.08125
0 0.39375 0.76484375 0.0625 0.0984375
0 0.76953125 0.80234375 0.10625 0.0875
0 0.2640625 0.54609375 0.0796875 0.065625
0 0.2765625 0.421875 0.0703125 0.08125
0 0.31875 0.48671875 0.059375 0.075
0 0.4046875 0.31875 0.10625 0.0921875
0 0.43984375 0.4109375 0.084375 0.08125
0 0.4046875 0.5296875 0.0625 0.08125
0 0.49296875 0.5484375 0.0625 0.0875
0 0.54609375 0.5296875 0.046875 0.059375
0 0.51484375 0.48359375 0.0734375 0.0703125
0 0.56796875 0.48671875 0.0765625 0.0921875
0 0.67578125 0.5 0.0546875 0.065625
0 0.75625 0.3625 0.121875 0.065625
0 0.7109375 0.41875 0.0921875 0.0921875
0 0.76953125 0.4703125 0.059375 0.0765625
0 0.8390625 0.4921875 0.059375 0.0546875
0 0.85 0.421875 0.084375 0.059375
0 0.9453125 0.38125 0.0921875 0.0546875