0 0.70234375 0.13359375 0.1234375 0.0953125
0 0.62421875 0.23515625 0.071875 0.084375
0 0.46875 0.203125 0.0921875 0.078125
0 0.5140625 0.38828125 0.0921875 0.10625
0 0.68125 0.7234375 0.0625 0.0953125
0 0.40078125 0.59765625 0.0875 0.1046875
0 0.20546875 0.503125 0.0796875 0.071875
0 0.23828125 0.6859375 0.0953125 0.1203125
0 0.0875 0.64375 0.103125 0.078125
0 0.03359375 0.6984375 0.0671875 0.096875
0 0.1203125 0.78125 0.0765625 0.0875
0 0.22421875 0.965625 0.0984375 0.059375
0 0.6140625 0.975 0.071875 0.05
0 0.6453125 0.95390625 0.0765625 0.065625