0 0.01484375 0.153125 0.0296875 0.0828125
0 0.09609375 0.171875 0.040625 0.065625
0 0.15546875 0.19140625 0.0328125 0.065625
0 0.2296875 0.21015625 0.040625 0.0765625
0 0.2828125 0.2265625 0.025 0.0765625
0 0.3296875 0.2515625 0.0546875 0.071875
0 0.41640625 0.25703125 0.046875 0.0875
0 0.475 0.30078125 0.0515625 0.0828125
0 0.53828125 0.31953125 0.04375 0.0828125
0 0.58359375 0.346875 0.04375 0.0828125
0 0.65234375 0.36640625 0.046875 0.0875
0 0.7171875 0.39921875 0.028125 0.0765625
0 0.6921875 0.4375 0.0328125 0.065625
0 0.62109375 0.47578125 0.0359375 0.065625
0 0.57421875 0.51640625 0.040625 0.0765625
0 0.52734375 0.5625 0.040625 0.065625
0 0.5 0.59296875 0.040625 0.0875
0 0.4640625 0.62578125 0.040625 0.0765625
0 0.43984375 0.66640625 0.0515625 0.0828125