0 0.42734375 0.171875 0.046875 0.071875
0 0.50546875 0.20234375 0.0359375 0.0546875
0 0.57265625 0.23515625 0.0359375 0.0546875
0 0.62890625 0.2484375 0.04375 0.05
0 0.4640625 0.2625 0.040625 0.05
0 0.4984375 0.325 0.046875 0.04375
0 0.51796875 0.38828125 0.0515625 0.0390625
0 0.53984375 0.434375 0.06875 0.05
0 0.5546875 0.48125 0.0765625 0.04375
0 0.57578125 0.54609375 0.0578125 0.0875
0 0.615625 0.60390625 0.0515625 0.0765625
0 0.6375 0.64453125 0.0546875 0.0390625
0 0.6375 0.68046875 0.0390625 0.028125
0 0.64296875 0.72109375 0.046875 0.0390625
0 0.6703125 0.76796875 0.0625 0.0390625
0 0.68671875 0.84140625 0.028125 0.04375
0 0.67578125 0.80625 0.0546875 0.04375