0 0.790625 0.2265625 0.0984375 0.2078125
0 0.6875 0.5109375 0.128125 0.125
0 0.60703125 0.3359375 0.134375 0.109375
0 0.51640625 0.26796875 0.10625 0.203125
0 0.42578125 0.30859375 0.1015625 0.196875
0 0.365625 0.42109375 0.13125 0.18125
0 0.24375 0.5625 0.134375 0.1203125
0 0.19296875 0.7375 0.134375 0.1375
0 0.4421875 0.696875 0.1203125 0.1203125
0 0.5328125 0.5515625 0.1234375 0.159375
0 0.7546875 0.7703125 0.0734375 0.09375
0 0.7125 0.86640625 0.0875 0.0765625
0 0.5765625 0.89609375 0.1234375 0.0828125
0 0.45625 0.91015625 0.0984375 0.1203125
0 0.32578125 0.9046875 0.0984375 0.109375