0 0.196875 0.2109375 0.1171875 0.1078125
0 0.1953125 0.315625 0.2171875 0.13125
0 0.078125 0.5078125 0.15625 0.178125
0 0.16640625 0.7890625 0.1609375 0.1546875
0 0.3203125 0.815625 0.134375 0.10625
0 0.48515625 0.79140625 0.1609375 0.13125
0 0.48203125 0.20546875 0.1640625 0.1484375
0 0.5484375 0.371875 0.1078125 0.1375
0 0.41171875 0.375 0.203125 0.078125
0 0.35 0.55390625 0.1671875 0.1140625
0 0.43359375 0.47890625 0.1640625 0.1140625
0 0.45 0.565625 0.1796875 0.1484375
0 0.73984375 0.51484375 0.140625 0.1484375
0 0.7296875 0.31875 0.1265625 0.078125
0 0.74140625 0.23515625 0.1671875 0.1078125
0 0.853125 0.3484375 0.1640625 0.0953125