0 0.04296875 0.29375 0.053125 0.08125
0 0.13984375 0.2828125 0.0546875 0.0859375
0 0.19453125 0.32421875 0.046875 0.071875
0 0.25390625 0.3390625 0.05 0.0828125
0 0.2984375 0.3734375 0.04375 0.08125
0 0.36015625 0.39921875 0.0328125 0.115625
0 0.43046875 0.4 0.034375 0.084375
0 0.52265625 0.409375 0.040625 0.0953125
0 0.47890625 0.515625 0.0484375 0.0828125
0 0.46953125 0.58984375 0.0515625 0.0796875
0 0.46875 0.6671875 0.0390625 0.08125
0 0.459375 0.73046875 0.05 0.06875
0 0.46015625 0.80859375 0.04375 0.065625
0 0.4609375 0.871875 0.04375 0.0765625
0 0.4484375 0.9484375 0.0578125 0.05