0 0.71484375 0.240625 0.0484375 0.0390625
0 0.7875 0.33359375 0.0546875 0.0609375
0 0.6796875 0.31171875 0.065625 0.065625
0 0.55625 0.4046875 0.0515625 0.071875
0 0.5890625 0.49765625 0.0359375 0.05
0 0.5421875 0.5734375 0.028125 0.0328125
0 0.44375 0.5328125 0.0484375 0.0546875
0 0.3453125 0.80625 0.0515625 0.0546875
0 0.2890625 0.62578125 0.0375 0.059375
0 0.18515625 0.846875 0.0484375 0.0546875
0 0.409375 0.66640625 0.0328125 0.04375
0 0.5453125 0.653125 0.0328125 0.04375
0 0.565625 0.7484375 0.0359375 0.059375
0 0.5015625 0.69921875 0.040625 0.05
0 0.5234375 0.73515625 0.021875 0.0390625
0 0.51640625 0.80078125 0.0328125 0.0546875
0 0.46015625 0.71015625 0.021875 0.059375
0 0.37421875 0.65 0.0296875 0.059375
0 0.3421875 0.69453125 0.028125 0.0265625
0 0.3265625 0.7234375 0.04296875 0.040625
0 0.25 0.77421875 0.04453125 0.04453125
0 0.4640625 0.790625 0.03203125 0.0390625
0 0.428125 0.71953125 0.046875 0.03984375
0 0.19375 0.59296875 0.04453125 0.0359375
0 0.15859375 0.90390625 0.03515625 0.05
0 0.2328125 0.71640625 0.0390625 0.040625