0 0.16484375 0.5109375 0.0796875 0.0765625
0 0.3296875 0.54921875 0.06875 0.09375
0 0.4453125 0.6390625 0.06875 0.059375
0 0.53984375 0.66953125 0.065625 0.0984375
0 0.65 0.6171875 0.0515625 0.065625
0 0.62109375 0.52734375 0.0625 0.071875
0 0.64140625 0.3140625 0.0515625 0.103125
0 0.59765625 0.30625 0.046875 0.109375
0 0.80078125 0.25703125 0.065625 0.0703125
0 0.909375 0.35 0.0875 0.0875
0 0.95078125 0.4015625 0.046875 0.0828125
0 0.91640625 0.45625 0.065625 0.065625
0 0.87109375 0.5546875 0.040625 0.0875
0 0.83125 0.49765625 0.04375 0.0875
0 0.7171875 0.54609375 0.0578125 0.0828125
0 0.71953125 0.36875 0.046875 0.0609375
0 0.76640625 0.390625 0.065625 0.05
0 0.8078125 0.37421875 0.04375 0.071875
0 0.7703125 0.33046875 0.04375 0.0828125
0 0.7703125 0.4234375 0.0359375 0.0484375
0 0.25 0.43203125 0.065625 0.0609375
0 0.146875 0.371875 0.0625 0.09375
0 0.07421875 0.35546875 0.0734375 0.0875
0 0.1015625 0.27578125 0.0546875 0.09375
0 0.0921875 0.22421875 0.046875 0.071875
0 0.15390625 0.2296875 0.0625 0.0546875
0 0.18984375 0.2921875 0.0625 0.0546875
0 0.21953125 0.215625 0.0640625 0.0484375
0 0.2859375 0.196875 0.0734375 0.0609375
0 0.30078125 0.24609375 0.040625 0.0546875
0 0.32421875 0.29765625 0.0515625 0.0328125
0 0.42578125 0.29765625 0.0546875 0.0609375
0 0.38046875 0.4046875 0.04375 0.0609375
0 0.35 0.36875 0.0578125 0.0484375
0 0.365625 0.26796875 0.084375 0.071875
0 0.48515625 0.4015625 0.04375 0.0609375
0 0.546875 0.36640625 0.065625 0.0765625
0 0.54140625 0.4453125 0.0546875 0.071875
0 0.4671875 0.4921875 0.0578125 0.05
0 0.42734375 0.4125 0.0546875 0.0546875
0 0.47109375 0.43984375 0.0359375 0.0390625
0 0.725 0.46484375 0.0578125 0.0609375
0 0.93671875 0.56796875 0.0578125 0.0765625
0 0.7859375 0.49765625 0.0625 0.0609375
0 0.6140625 0.44296875 0.0515625 0.0546875
0 0.396875 0.5359375 0.0625 0.0984375
0 0.61015625 0.3921875 0.07578125 0.0734375