0 0.38515625 0.053125 0.0703125 0.0765625
0 0.3734375 0.12890625 0.0640625 0.0609375
0 0.32890625 0.228125 0.0703125 0.0828125
0 0.32109375 0.31953125 0.078125 0.0625
0 0.28984375 0.38671875 0.0703125 0.053125
0 0.271875 0.459375 0.065625 0.0625
0 0.28984375 0.50703125 0.065625 0.0578125
0 0.234375 0.584375 0.075 0.053125
0 0.234375 0.64453125 0.0703125 0.0671875
0 0.1875 0.71640625 0.0578125 0.0671875
0 0.1484375 0.77890625 0.0578125 0.0625
0 0.12734375 0.834375 0.0609375 0.0484375
0 0.10078125 0.89921875 0.0578125 0.04375
0 0.19921875 0.84375 0.05 0.0671875
0 0.2859375 0.84140625 0.053125 0.0671875
0 0.38046875 0.7734375 0.0578125 0.0609375
0 0.4734375 0.7140625 0.0578125 0.071875
0 0.54765625 0.69453125 0.0578125 0.071875
0 0.62578125 0.66796875 0.05 0.053125
0 0.6953125 0.615625 0.065625 0.0625
0 0.80078125 0.57421875 0.0578125 0.0625
0 0.91953125 0.49765625 0.0625 0.071875