0 0.86875 0.2078125 0.05390625 0.08359375
0 0.8015625 0.25390625 0.0484375 0.1265625
0 0.75234375 0.28515625 0.0734375 0.1
0 0.70703125 0.28671875 0.0484375 0.109375
0 0.65625 0.2703125 0.0578125 0.109375
0 0.2796875 0.3609375 0.046875 0.0984375
0 0.22578125 0.3140625 0.0546875 0.125
0 0.15078125 0.3390625 0.0484375 0.09375
0 0.0984375 0.45078125 0.065625 0.09375
0 0.29296875 0.478125 0.0515625 0.0765625
0 0.23984375 0.4703125 0.04375 0.0875
0 0.2234375 0.5734375 0.071875 0.0765625
0 0.13984375 0.58203125 0.0546875 0.0828125
0 0.1890625 0.48125 0.0546875 0.0546875
0 0.1875 0.42109375 0.065625 0.0609375