0 0.5984375 0.2546875 0.1203125 0.0546875
0 0.6640625 0.34765625 0.0984375 0.04375
0 0.5625 0.334375 0.0984375 0.0546875
0 0.4890625 0.3125 0.1203125 0.040625
0 0.5953125 0.3890625 0.0875 0.0484375
0 0.6203125 0.46015625 0.0875 0.0578125
0 0.521875 0.44375 0.1046875 0.040625
0 0.4265625 0.4890625 0.1046875 0.0546875
0 0.56015625 0.53984375 0.0984375 0.0625
0 0.675 0.51640625 0.0875 0.0546875
0 0.628125 0.55234375 0.05 0.0265625
0 0.4921875 0.60390625 0.0828125 0.0484375
0 0.60625 0.5890625 0.0703125 0.0359375
0 0.68046875 0.61484375 0.05 0.0484375
0 0.6203125 0.61796875 0.0546875 0.0265625
0 0.67734375 0.6546875 0.1140625 0.0265625
0 0.6609375 0.6796875 0.1046875 0.0265625
0 0.6640625 0.7328125 0.1046875 0.040625
0 0.53828125 0.634375 0.0828125 0.0328125
0 0.49453125 0.69296875 0.1140625 0.0484375
0 0.49453125 0.73984375 0.0984375 0.04375
0 0.38828125 0.75625 0.0765625 0.0359375
0 0.328125 0.790625 0.09375 0.0484375
0 0.25703125 0.765625 0.0828125 0.0515625
0 0.1390625 0.7765625 0.0984375 0.0578125