0 0.39296875 0.14453125 0.1734375 0.146875
0 0.13984375 0.23125 0.071875 0.0671875
0 0.17578125 0.27578125 0.0765625 0.0390625
0 0.0953125 0.27109375 0.071875 0.053125
0 0.3 0.37578125 0.084375 0.0703125
0 0.22890625 0.4046875 0.0890625 0.084375
0 0.16015625 0.4109375 0.09375 0.084375
0 0.1359375 0.46015625 0.1234375 0.0671875
0 0.19296875 0.721875 0.103125 0.0671875
0 0.0640625 0.85546875 0.1109375 0.05
0 0.153125 0.8953125 0.103125 0.0453125
0 0.19140625 0.96640625 0.1421875 0.053125
0 0.32890625 0.97109375 0.09375 0.05
0 0.3265625 0.8625 0.1015625 0.040625
0 0.4 0.93125 0.0765625 0.05
0 0.46640625 0.89765625 0.0765625 0.0625
0 0.4 0.80234375 0.125 0.071875
0 0.5046875 0.76875 0.1015625 0.0703125
0 0.55546875 0.853125 0.0796875 0.071875
0 0.6625 0.86875 0.103125 0.0578125
0 0.7625 0.8953125 0.0890625 0.0625
0 0.8796875 0.88671875 0.103125 0.0625
0 0.87109375 0.753125 0.134375 0.053125
0 0.76875 0.9640625 0.0984375 0.05
0 0.7046875 0.7109375 0.0984375 0.0625
0 0.82421875 0.6578125 0.09375 0.053125
0 0.72890625 0.678125 0.0671875 0.075
0 0.7734375 0.59765625 0.0984375 0.0796875
0 0.5203125 0.62421875 0.1109375 0.0703125
0 0.5625 0.69140625 0.0890625 0.05
0 0.63359375 0.66875 0.0671875 0.0703125
0 0.415625 0.67578125 0.09375 0.0671875
0 0.3625 0.65078125 0.084375 0.05
0 0.27578125 0.60859375 0.084375 0.0578125
0 0.34453125 0.5359375 0.0625 0.0703125
0 0.90703125 0.1046875 0.1203125 0.0703125
0 0.95546875 0.2 0.0765625 0.053125
0 0.82421875 0.17109375 0.09375 0.0984375
0 0.73984375 0.2 0.075 0.0890625
0 0.66875 0.2625 0.075 0.0625
0 0.82890625 0.30859375 0.09375 0.0578125
0 0.87578125 0.3953125 0.09375 0.05
0 0.946875 0.44453125 0.0796875 0.0453125
0 0.95546875 0.5203125 0.0890625 0.053125
0 0.81796875 0.5265625 0.0890625 0.05
0 0.7734375 0.46640625 0.09375 0.0578125
0 0.6734375 0.4625 0.084375 0.071875
0 0.55078125 0.29296875 0.103125 0.053125
0 0.4359375 0.284375 0.115625 0.0765625
0 0.45078125 0.378125 0.0796875 0.071875
0 0.36640625 0.32890625 0.084375 0.0765625
0 0.08203125 0.6578125 0.0984375 0.04375
0 0.43125 0.515625 0.09375 0.040625
0 0.30859375 0.44453125 0.0984375 0.0578125
0 0.6109375 0.34453125 0.0984375 0.0578125
0 0.06875 0.92421875 0.0984375 0.0625
0 0.421875 0.42890625 0.103125 0.053125