0 0.821875 0.38828125 0.134375 0.125
0 0.9125 0.284375 0.1671875 0.1703125
0 0.8578125 0.05703125 0.2046875 0.09375
0 0.6 0.08984375 0.2 0.109375
0 0.4671875 0.1640625 0.1640625 0.1484375
0 0.62734375 0.3359375 0.1375 0.153125
0 0.609375 0.45078125 0.0953125 0.0765625
0 0.53671875 0.415625 0.1125 0.103125
0 0.421875 0.44296875 0.1234375 0.109375
0 0.42578125 0.5734375 0.1171875 0.0984375
0 0.36015625 0.63359375 0.0796875 0.0703125
0 0.23828125 0.48671875 0.10625 0.071875
0 0.22890625 0.5734375 0.0875 0.059375
0 0.07421875 0.5328125 0.0984375 0.1265625
0 0.20703125 0.65 0.1015625 0.0828125
0 0.2984375 0.79765625 0.1125 0.1046875
0 0.13671875 0.76484375 0.1390625 0.159375
0 0.74765625 0.5625 0.128125 0.109375
0 0.9421875 0.5953125 0.109375 0.0828125
0 0.92734375 0.7046875 0.1234375 0.159375
0 0.7546875 0.69921875 0.10625 0.0875
0 0.75234375 0.784375 0.10625 0.0765625
0 0.37421875 0.7078125 0.0875 0.059375
0 0.46796875 0.69453125 0.10234375 0.10390625
0 0.54375 0.70234375 0.090625 0.0828125