0 0.040625 0.3890625 0.08125 0.09375
0 0.0734375 0.75546875 0.0578125 0.078125
0 0.12578125 0.7421875 0.053125 0.046875
0 0.14296875 0.7734375 0.046875 0.0578125
0 0.20859375 0.7375 0.0625 0.0625
0 0.25859375 0.78125 0.0546875 0.0578125
0 0.37265625 0.8015625 0.065625 0.046875
0 0.3859375 0.7625 0.046875 0.0578125
0 0.47890625 0.7703125 0.046875 0.03125
0 0.490625 0.821875 0.0421875 0.0515625
0 0.56171875 0.78125 0.05 0.0359375
0 0.6 0.81953125 0.0546875 0.0359375
0 0.6296875 0.78359375 0.0390625 0.0671875
0 0.7203125 0.76796875 0.0390625 0.0625
0 0.66953125 0.7859375 0.028125 0.071875
0 0.78203125 0.6859375 0.1546875 0.0671875
0 0.76484375 0.79609375 0.0703125 0.046875
0 0.70078125 0.46875 0.08125 0.0828125
0 0.5734375 0.48203125 0.08125 0.0828125
0 0.409375 0.45859375 0.0734375 0.0578125
0 0.36484375 0.35546875 0.0734375 0.046875
0 0.29375 0.34765625 0.065625 0.071875
0 0.27578125 0.15234375 0.0734375 0.0984375
0 0.1875 0.37109375 0.0578125 0.09375
0 0.13671875 0.36328125 0.0625 0.0984375
0 0.22578125 0.36328125 0.03125 0.0625
0 0.44609375 0.18046875 0.0703125 0.0609375
0 0.4328125 0.04375 0.0890625 0.0625
0 0.509375 0.0796875 0.0703125 0.0671875
0 0.6640625 0.16484375 0.0734375 0.0828125
0 0.9578125 0.28359375 0.0703125 0.0875
0 0.8515625 0.4875 0.09375 0.0984375
0 0.9421875 0.46875 0.0578125 0.0515625
0 0.93828125 0.51796875 0.0578125 0.046875
0 0.52109375 0.29921875 0.08125 0.05625
0 0.5171875 0.34765625 0.0578125 0.0578125
0 0.96171875 0.75546875 0.05 0.0625
0 0.8609375 0.778125 0.0625 0.046875
0 0.4578125 0.41484375 0.1140625 0.071875
0 0.90390625 0.08984375 0.11640625 0.0609375
0 0.85234375 0.22421875 0.096875 0.05859375
0 0.946875 0.21640625 0.10625 0.07734375
0 0.69296875 0.3140625 0.090625 0.06484375