0 0.10234375 0.11796875 0.1109375 0.1421875
0 0.2640625 0.16171875 0.121875 0.153125
0 0.40703125 0.2 0.075 0.159375
0 0.46328125 0.18828125 0.0515625 0.153125
0 0.57109375 0.20859375 0.084375 0.165625
0 0.69375 0.2765625 0.1140625 0.1765625
0 0.821875 0.30859375 0.1015625 0.1828125
0 0.94140625 0.35625 0.08125 0.1125
0 0.8734375 0.4796875 0.090625 0.11875
0 0.75625 0.5203125 0.115625 0.159375
0 0.68203125 0.58203125 0.0671875 0.146875
0 0.62421875 0.63515625 0.0515625 0.1421875
0 0.55703125 0.64375 0.0609375 0.0828125
0 0.50703125 0.703125 0.0671875 0.0890625
0 0.4390625 0.75625 0.078125 0.1125
0 0.34375 0.78828125 0.08125 0.1703125
0 0.13984375 0.9 0.0765625 0.1234375