0 0.87265625 0.15546875 0.1390625 0.1203125
0 0.72578125 0.23203125 0.0765625 0.0546875
0 0.79296875 0.2625 0.0625 0.0390625
0 0.86015625 0.41015625 0.0578125 0.065625
0 0.6984375 0.29765625 0.0765625 0.065625
0 0.621875 0.33359375 0.0828125 0.0609375
0 0.56328125 0.390625 0.046875 0.04375
0 0.58515625 0.45625 0.0984375 0.0765625
0 0.5015625 0.45625 0.0734375 0.071875
0 0.4796875 0.53515625 0.0734375 0.0765625
0 0.4125 0.56015625 0.0765625 0.05
0 0.421875 0.60390625 0.0734375 0.0765625
0 0.35078125 0.5984375 0.0734375 0.05
0 0.334375 0.6640625 0.0578125 0.0609375
0 0.2890625 0.6421875 0.0515625 0.0390625
0 0.22890625 0.64765625 0.040625 0.028125
0 0.2578125 0.68828125 0.06875 0.0390625
0 0.21484375 0.71015625 0.0734375 0.04375
0 0.15625 0.740625 0.0734375 0.05
0 0.07109375 0.7515625 0.0578125 0.05
0 0.0421875 0.803125 0.0546875 0.04375
0 0.05234375 0.86640625 0.0625 0.0390625
0 0.09609375 0.80078125 0.0546875 0.0390625
0 0.14765625 0.82265625 0.04375 0.021875
0 0.1875 0.78671875 0.0375 0.04375
0 0.25234375 0.75390625 0.0625 0.05
0 0.321875 0.74296875 0.04375 0.0390625
0 0.3796875 0.696875 0.046875 0.059375
0 0.43671875 0.66640625 0.0625 0.0546875
0 0.6765625 0.6390625 0.0734375 0.071875
0 0.6875 0.46171875 0.04375 0.0390625
0 0.64765625 0.47578125 0.04375 0.0875
0 0.6671875 0.39921875 0.0546875 0.0703125
0 0.74375 0.36640625 0.1203125 0.05
0 0.74765625 0.4234375 0.090625 0.0546875
0 0.79296875 0.47265625 0.0578125 0.0609375
0 0.76328125 0.52421875 0.065625 0.0328125
0 0.83984375 0.56796875 0.0578125 0.0546875
0 0.78515625 0.5734375 0.0734375 0.0546875
0 0.78359375 0.62265625 0.0734375 0.05
0 0.81484375 0.6828125 0.0625 0.0390625
0 0.86015625 0.78984375 0.0765625 0.04375
0 0.73125 0.69140625 0.0515625 0.05
0 0.72578125 0.72109375 0.0625 0.0390625
0 0.7765625 0.7625 0.0515625 0.059375
0 0.78515625 0.80859375 0.0515625 0.0546875
0 0.7125 0.80859375 0.0734375 0.05
0 0.72734375 0.85 0.0625 0.04375
0 0.76875 0.91015625 0.0578125 0.0546875
0 0.7796875 0.94296875 0.0765625 0.05