0 0.8875 0.45078125 0.0578125 0.159375
0 0.7984375 0.51640625 0.0578125 0.115625
0 0.73125 0.4703125 0.0578125 0.1484375
0 0.67109375 0.48359375 0.0546875 0.0609375
0 0.63125 0.45625 0.0578125 0.0546875
0 0.48359375 0.5546875 0.0765625 0.1046875
0 0.08203125 0.69921875 0.0875 0.1046875
0 0.2015625 0.49453125 0.06875 0.0875
0 0.1015625 0.45625 0.0734375 0.109375
0 0.1546875 0.371875 0.06875 0.1265625
0 0.26171875 0.153125 0.1015625 0.115625
0 0.3 0.30625 0.0875 0.09375
0 0.2453125 0.42109375 0.109375 0.065625
0 0.334375 0.4359375 0.0625 0.0984375
0 0.4453125 0.4484375 0.0671875 0.05546875
0 0.5296875 0.47265625 0.0796875 0.046875
0 0.421875 0.390625 0.09375 0.0859375
0 0.50625 0.4 0.078125 0.08046875
0 0.575 0.390625 0.0765625 0.0734375
0 0.5625 0.325 0.046875 0.07109375
0 0.49140625 0.3421875 0.15078125 0.10859375