0 0.0359375 0.71875 0.065625 0.05
0 0.021875 0.828125 0.04375 0.0546875
0 0.15546875 0.7953125 0.0765625 0.071875
0 0.31171875 0.86640625 0.0546875 0.04375
0 0.284375 0.81171875 0.065625 0.059375
0 0.240625 0.7703125 0.0546875 0.071875
0 0.2265625 0.8390625 0.046875 0.065625
0 0.1453125 0.5328125 0.065625 0.059375
0 0.134375 0.35546875 0.0828125 0.065625
0 0.17734375 0.4234375 0.065625 0.065625
0 0.31171875 0.653125 0.0515625 0.05
0 0.25390625 0.60625 0.0765625 0.0390625
0 0.23359375 0.56796875 0.09375 0.059375
0 0.26640625 0.45078125 0.0765625 0.0609375
0 0.44921875 0.15859375 0.0796875 0.0984375
0 0.28828125 0.27578125 0.0765625 0.0328125
0 0.28828125 0.2296875 0.06875 0.0703125
0 0.29921875 0.39609375 0.0515625 0.065625
0 0.340625 0.38828125 0.0515625 0.0765625
0 0.384375 0.35234375 0.046875 0.065625
0 0.3953125 0.41796875 0.0515625 0.05
0 0.40546875 0.4890625 0.0515625 0.0390625
0 0.365625 0.5625 0.0546875 0.0546875
0 0.41328125 0.58984375 0.0515625 0.0328125
0 0.44921875 0.62578125 0.0515625 0.0546875
0 0.50546875 0.58203125 0.0578125 0.0546875
0 0.46171875 0.48125 0.0546875 0.04375
0 0.42734375 0.4234375 0.0578125 0.04375
0 0.42421875 0.3359375 0.04375 0.04375
0 0.45078125 0.27890625 0.0765625 0.0875
0 0.4640625 0.3609375 0.065625 0.0390625
0 0.51796875 0.27890625 0.0515625 0.0484375
0 0.6046875 0.27578125 0.0546875 0.071875
0 0.6265625 0.21015625 0.0546875 0.09375
0 0.68125 0.18046875 0.0546875 0.071875
0 0.73515625 0.128125 0.0515625 0.0546875
0 0.759375 0.2046875 0.06875 0.0765625
0 0.81328125 0.28984375 0.046875 0.065625
0 0.7734375 0.32265625 0.0515625 0.065625
0 0.70859375 0.371875 0.0625 0.0609375
0 0.68125 0.30078125 0.046875 0.0390625
0 0.64140625 0.30859375 0.0328125 0.065625
0 0.67421875 0.49453125 0.0546875 0.0875
0 0.65390625 0.434375 0.0578125 0.0765625
0 0.59453125 0.4375 0.065625 0.0546875
0 0.55078125 0.3796875 0.0515625 0.05
0 0.546875 0.346875 0.0984375 0.0609375
0 0.75390625 0.4265625 0.0578125 0.0609375
0 0.76640625 0.48125 0.0578125 0.065625
0 0.8046875 0.58203125 0.0546875 0.065625
0 0.6828125 0.60390625 0.0328125 0.059375
0 0.6453125 0.5546875 0.046875 0.0609375
0 0.62109375 0.62578125 0.0734375 0.059375
0 0.57265625 0.609375 0.040625 0.071875
0 0.5328125 0.63671875 0.040625 0.0609375
0 0.5 0.68828125 0.06875 0.04375
0 0.44375 0.7265625 0.084375 0.04375
0 0.3859375 0.78125 0.0625 0.05
0 0.47265625 0.803125 0.0546875 0.04375
0 0.4296875 0.8390625 0.0515625 0.0546875
0 0.39140625 0.871875 0.0625 0.0609375
0 0.534375 0.76796875 0.0578125 0.0546875
0 0.58515625 0.78671875 0.06875 0.05
0 0.64140625 0.80625 0.065625 0.05
0 0.71015625 0.80625 0.0734375 0.05
0 0.71015625 0.68828125 0.0578125 0.059375
0 0.80625 0.8140625 0.06875 0.059375
0 0.6453125 0.8828125 0.065625 0.0546875
0 0.93984375 0.78125 0.0734375 0.0765625
0 0.90546875 0.6640625 0.084375 0.05
0 0.884375 0.60078125 0.0515625 0.059375
0 0.9328125 0.61171875 0.0734375 0.04375
0 0.97421875 0.603125 0.0515625 0.071875
0 0.87890625 0.478125 0.046875 0.0828125
0 0.94921875 0.36328125 0.0796875 0.071875
0 0.9453125 0.28984375 0.084375 0.0703125
0 0.97109375 0.171875 0.0578125 0.0546875