0 0.91328125 0.21328125 0.065625 0.0671875
0 0.79609375 0.29296875 0.059375 0.0796875
0 0.88828125 0.35234375 0.0703125 0.059375
0 0.74140625 0.3546875 0.059375 0.0875
0 0.67421875 0.3046875 0.0546875 0.0640625
0 0.66953125 0.24140625 0.065625 0.071875
0 0.7640625 0.24296875 0.084375 0.0921875
0 0.559375 0.4046875 0.04375 0.0875
0 0.46796875 0.42421875 0.0546875 0.0515625
0 0.40078125 0.47578125 0.05 0.0921875
0 0.46015625 0.51796875 0.0703125 0.0515625
0 0.45546875 0.56171875 0.075 0.0515625
0 0.4921875 0.60390625 0.065625 0.0796875
0 0.46796875 0.64921875 0.125 0.0671875
0 0.26875 0.51171875 0.0703125 0.0921875
0 0.2390625 0.59140625 0.1 0.05625
0 0.196875 0.74921875 0.084375 0.075
0 0.21640625 0.8625 0.1453125 0.0921875
0 0.32109375 0.8625 0.084375 0.0953125
0 0.5125 0.8828125 0.1 0.0796875
0 0.8953125 0.82109375 0.065625 0.0765625
0 0.78828125 0.846875 0.059375 0.0875
0 0.72890625 0.8625 0.084375 0.1125