0 0.12265625 0.521875 0.1125 0.1328125
0 0.2578125 0.525 0.11875 0.1265625
0 0.4296875 0.39296875 0.18125 0.1109375
0 0.56171875 0.32109375 0.1703125 0.14375
0 0.87734375 0.21171875 0.1921875 0.1546875
0 0.6984375 0.31328125 0.115625 0.0890625
0 0.7890625 0.42890625 0.0765625 0.071875
0 0.71875 0.5140625 0.134375 0.14375
0 0.5703125 0.55234375 0.1265625 0.09375
0 0.509375 0.521875 0.1984375 0.065625
0 0.73125 0.62890625 0.2234375 0.0890625
0 0.9078125 0.590625 0.1671875 0.0828125
0 0.7671875 0.3734375 0.1125 0.0765625
0 0.90625 0.5 0.1671875 0.1265625
0 0.559375 0.66171875 0.1703125 0.0984375
0 0.33046875 0.66484375 0.1984375 0.109375
0 0.140625 0.88203125 0.1953125 0.1265625
0 0.09921875 0.67890625 0.1625 0.0890625
0 0.50390625 0.434375 0.1671875 0.0828125
0 0.29296875 0.5921875 0.228125 0.07578125
0 0.67890625 0.421875 0.20859375 0.1140625